19CSV2 	
// AQ6319 OPTICAL SPECTRUM ANALYZER //                  
20
"CTRWL",1537.500000
"SPAN", 125.000000
"START WL",1475.000000
"STOP WL",1600.000000
"WLFREQ", 0
"REFL", -20.000
"LSCL",-10.0
"BASEL",0.00000000000
"RESLN",0.200
"AVG",   1
"SMPLAUTO",      1
"SMPL",       6301
"SMPLINTVL",0.0198
"MID"
"MEAS"
"LSUNT",0
"NMSKH","OFF"
"OPTATT",1


"[TRACE DATA]"
1475.0000,2.979E-007
1475.0198,5.807E-007
1475.0397,5.720E-007
1475.0595,3.409E-007
1475.0794,5.366E-007
1475.0992,3.888E-007
1475.1190,3.522E-007
1475.1389,7.445E-007
1475.1587,4.488E-007
1475.1786,1.594E-007
1475.1984,5.114E-007
1475.2183,4.779E-007
1475.2381,8.189E-007
1475.2579,5.169E-007
1475.2778,7.030E-007
1475.2976,7.802E-007
1475.3175,7.957E-007
1475.3373,8.842E-007
1475.3571,6.010E-007
1475.3770,2.748E-007
1475.3968,3.320E-007
1475.4167,6.511E-007
1475.4365,6.838E-007
1475.4563,7.291E-007
1475.4762,1.264E-006
1475.4960,8.027E-007
1475.5159,1.141E-006
1475.5357,4.746E-007
1475.5556,5.755E-007
1475.5754,1.047E-006
1475.5952,7.205E-007
1475.6151,9.792E-007
1475.6349,1.077E-006
1475.6548,7.668E-007
1475.6746,6.901E-007
1475.6944,9.279E-007
1475.7143,8.372E-007
1475.7341,1.184E-006
1475.7540,9.474E-007
1475.7738,8.828E-007
1475.7937,9.834E-007
1475.8135,1.133E-006
1475.8333,5.220E-007
1475.8532,1.077E-006
1475.8730,1.130E-006
1475.8929,6.191E-007
1475.9127,6.928E-007
1475.9325,3.678E-007
1475.9524,1.084E-006
1475.9722,9.718E-007
1475.9921,1.002E-006
1476.0119,7.315E-007
1476.0317,1.393E-006
1476.0516,1.332E-006
1476.0714,9.680E-007
1476.0913,9.376E-007
1476.1111,1.081E-006
1476.1310,1.053E-006
1476.1508,1.498E-006
1476.1706,9.065E-007
1476.1905,1.160E-006
1476.2103,1.142E-006
1476.2302,6.899E-007
1476.2500,1.157E-006
1476.2698,9.381E-007
1476.2897,6.908E-007
1476.3095,7.338E-007
1476.3294,1.595E-006
1476.3492,1.040E-006
1476.3690,9.722E-007
1476.3889,1.285E-006
1476.4087,1.094E-006
1476.4286,1.099E-006
1476.4484,8.326E-007
1476.4683,8.893E-007
1476.4881,1.510E-006
1476.5079,1.126E-006
1476.5278,1.105E-006
1476.5476,1.126E-006
1476.5675,1.232E-006
1476.5873,9.057E-007
1476.6071,9.991E-007
1476.6270,1.182E-006
1476.6468,1.219E-006
1476.6667,1.204E-006
1476.6865,1.152E-006
1476.7063,1.341E-006
1476.7262,1.646E-006
1476.7460,9.485E-007
1476.7659,1.256E-006
1476.7857,8.837E-007
1476.8056,1.638E-006
1476.8254,1.591E-006
1476.8452,1.384E-006
1476.8651,1.092E-006
1476.8849,1.335E-006
1476.9048,1.249E-006
1476.9246,1.348E-006
1476.9444,1.379E-006
1476.9643,8.281E-007
1476.9841,1.243E-006
1477.0040,1.133E-006
1477.0238,1.381E-006
1477.0437,1.035E-006
1477.0635,9.592E-007
1477.0833,1.534E-006
1477.1032,1.035E-006
1477.1230,9.571E-007
1477.1429,1.312E-006
1477.1627,7.445E-007
1477.1825,8.567E-007
1477.2024,8.781E-007
1477.2222,9.438E-007
1477.2421,1.290E-006
1477.2619,7.791E-007
1477.2817,1.175E-006
1477.3016,1.568E-006
1477.3214,6.185E-007
1477.3413,1.106E-006
1477.3611,6.729E-007
1477.3810,1.374E-006
1477.4008,5.096E-007
1477.4206,8.566E-007
1477.4405,1.026E-006
1477.4603,9.325E-007
1477.4802,9.242E-007
1477.5000,1.172E-006
1477.5198,6.733E-007
1477.5397,9.621E-007
1477.5595,1.130E-006
1477.5794,9.375E-007
1477.5992,5.452E-007
1477.6190,1.466E-006
1477.6389,9.965E-007
1477.6587,1.012E-006
1477.6786,1.168E-006
1477.6984,9.582E-007
1477.7183,1.183E-006
1477.7381,1.109E-006
1477.7579,7.512E-007
1477.7778,1.241E-006
1477.7976,9.911E-007
1477.8175,8.092E-007
1477.8373,8.845E-007
1477.8571,9.057E-007
1477.8770,1.208E-006
1477.8968,1.010E-006
1477.9167,6.564E-007
1477.9365,8.730E-007
1477.9563,1.050E-006
1477.9762,1.138E-006
1477.9960,1.234E-006
1478.0159,9.852E-007
1478.0357,4.905E-007
1478.0556,7.796E-007
1478.0754,9.538E-007
1478.0952,9.427E-007
1478.1151,1.423E-006
1478.1349,1.295E-006
1478.1548,9.758E-007
1478.1746,1.095E-006
1478.1944,1.366E-006
1478.2143,8.401E-007
1478.2341,1.152E-006
1478.2540,5.662E-007
1478.2738,1.107E-006
1478.2937,1.049E-006
1478.3135,1.241E-006
1478.3333,7.804E-007
1478.3532,1.108E-006
1478.3730,1.265E-006
1478.3929,1.210E-006
1478.4127,1.202E-006
1478.4325,1.361E-006
1478.4524,1.200E-006
1478.4722,1.844E-006
1478.4921,1.144E-006
1478.5119,1.135E-006
1478.5317,1.324E-006
1478.5516,1.077E-006
1478.5714,1.267E-006
1478.5913,1.410E-006
1478.6111,1.509E-006
1478.6310,1.341E-006
1478.6508,1.381E-006
1478.6706,1.495E-006
1478.6905,1.447E-006
1478.7103,1.557E-006
1478.7302,1.152E-006
1478.7500,1.495E-006
1478.7698,1.272E-006
1478.7897,1.242E-006
1478.8095,1.514E-006
1478.8294,1.403E-006
1478.8492,1.630E-006
1478.8690,1.435E-006
1478.8889,1.480E-006
1478.9087,1.416E-006
1478.9286,1.728E-006
1478.9484,1.017E-006
1478.9683,1.490E-006
1478.9881,1.551E-006
1479.0079,1.478E-006
1479.0278,1.561E-006
1479.0476,1.531E-006
1479.0675,1.731E-006
1479.0873,1.334E-006
1479.1071,1.721E-006
1479.1270,2.028E-006
1479.1468,1.675E-006
1479.1667,1.732E-006
1479.1865,1.360E-006
1479.2063,1.717E-006
1479.2262,1.558E-006
1479.2460,2.135E-006
1479.2659,1.526E-006
1479.2857,1.941E-006
1479.3056,1.312E-006
1479.3254,1.769E-006
1479.3452,2.038E-006
1479.3651,1.728E-006
1479.3849,1.402E-006
1479.4048,1.682E-006
1479.4246,2.032E-006
1479.4444,1.940E-006
1479.4643,1.891E-006
1479.4841,1.469E-006
1479.5040,2.030E-006
1479.5238,1.558E-006
1479.5437,2.025E-006
1479.5635,2.104E-006
1479.5833,1.716E-006
1479.6032,1.781E-006
1479.6230,1.956E-006
1479.6429,1.785E-006
1479.6627,1.511E-006
1479.6825,1.283E-006
1479.7024,1.498E-006
1479.7222,1.651E-006
1479.7421,2.125E-006
1479.7619,1.990E-006
1479.7817,1.631E-006
1479.8016,1.852E-006
1479.8214,1.716E-006
1479.8413,1.566E-006
1479.8611,1.781E-006
1479.8810,2.019E-006
1479.9008,1.541E-006
1479.9206,1.534E-006
1479.9405,1.475E-006
1479.9603,1.573E-006
1479.9802,1.661E-006
1480.0000,1.392E-006
1480.0198,1.266E-006
1480.0397,1.481E-006
1480.0595,1.649E-006
1480.0794,1.847E-006
1480.0992,1.306E-006
1480.1190,1.620E-006
1480.1389,1.282E-006
1480.1587,1.572E-006
1480.1786,1.784E-006
1480.1984,1.355E-006
1480.2183,1.442E-006
1480.2381,1.444E-006
1480.2579,1.509E-006
1480.2778,1.813E-006
1480.2976,1.451E-006
1480.3175,1.488E-006
1480.3373,1.631E-006
1480.3571,1.368E-006
1480.3770,1.746E-006
1480.3968,1.431E-006
1480.4167,1.255E-006
1480.4365,1.150E-006
1480.4563,1.577E-006
1480.4762,1.289E-006
1480.4960,1.476E-006
1480.5159,1.582E-006
1480.5357,1.638E-006
1480.5556,1.444E-006
1480.5754,1.127E-006
1480.5952,1.232E-006
1480.6151,1.928E-006
1480.6349,1.104E-006
1480.6548,1.197E-006
1480.6746,1.130E-006
1480.6944,1.363E-006
1480.7143,1.368E-006
1480.7341,1.043E-006
1480.7540,1.524E-006
1480.7738,6.258E-007
1480.7937,1.198E-006
1480.8135,1.435E-006
1480.8333,1.623E-006
1480.8532,1.347E-006
1480.8730,1.441E-006
1480.8929,1.768E-006
1480.9127,1.604E-006
1480.9325,1.679E-006
1480.9524,9.934E-007
1480.9722,1.714E-006
1480.9921,1.432E-006
1481.0119,1.656E-006
1481.0317,1.607E-006
1481.0516,1.487E-006
1481.0714,1.772E-006
1481.0913,1.269E-006
1481.1111,1.655E-006
1481.1310,1.467E-006
1481.1508,1.357E-006
1481.1706,1.633E-006
1481.1905,1.988E-006
1481.2103,2.086E-006
1481.2302,1.574E-006
1481.2500,1.886E-006
1481.2698,1.922E-006
1481.2897,2.023E-006
1481.3095,1.649E-006
1481.3294,1.990E-006
1481.3492,1.377E-006
1481.3690,1.442E-006
1481.3889,1.542E-006
1481.4087,1.945E-006
1481.4286,2.093E-006
1481.4484,1.418E-006
1481.4683,1.762E-006
1481.4881,2.197E-006
1481.5079,1.836E-006
1481.5278,1.689E-006
1481.5476,1.964E-006
1481.5675,1.770E-006
1481.5873,2.144E-006
1481.6071,2.148E-006
1481.6270,1.559E-006
1481.6468,2.436E-006
1481.6667,2.397E-006
1481.6865,2.131E-006
1481.7063,2.000E-006
1481.7262,2.441E-006
1481.7460,2.470E-006
1481.7659,2.123E-006
1481.7857,2.126E-006
1481.8056,2.613E-006
1481.8254,2.165E-006
1481.8452,2.237E-006
1481.8651,2.515E-006
1481.8849,2.733E-006
1481.9048,2.749E-006
1481.9246,2.782E-006
1481.9444,2.577E-006
1481.9643,2.167E-006
1481.9841,2.045E-006
1482.0040,2.788E-006
1482.0238,2.572E-006
1482.0437,2.592E-006
1482.0635,2.967E-006
1482.0833,3.002E-006
1482.1032,2.745E-006
1482.1230,2.096E-006
1482.1429,1.994E-006
1482.1627,2.665E-006
1482.1825,2.760E-006
1482.2024,2.679E-006
1482.2222,2.806E-006
1482.2421,2.442E-006
1482.2619,2.345E-006
1482.2817,2.648E-006
1482.3016,2.303E-006
1482.3214,2.560E-006
1482.3413,2.627E-006
1482.3611,2.720E-006
1482.3810,2.707E-006
1482.4008,3.192E-006
1482.4206,2.721E-006
1482.4405,2.554E-006
1482.4603,2.375E-006
1482.4802,2.703E-006
1482.5000,2.833E-006
1482.5198,2.585E-006
1482.5397,2.582E-006
1482.5595,2.721E-006
1482.5794,2.586E-006
1482.5992,2.485E-006
1482.6190,2.519E-006
1482.6389,2.301E-006
1482.6587,2.375E-006
1482.6786,2.419E-006
1482.6984,2.092E-006
1482.7183,2.434E-006
1482.7381,2.412E-006
1482.7579,2.488E-006
1482.7778,2.534E-006
1482.7976,2.188E-006
1482.8175,2.503E-006
1482.8373,1.859E-006
1482.8571,2.815E-006
1482.8770,2.053E-006
1482.8968,2.293E-006
1482.9167,2.278E-006
1482.9365,2.545E-006
1482.9563,2.002E-006
1482.9762,2.056E-006
1482.9960,2.123E-006
1483.0159,2.186E-006
1483.0357,2.044E-006
1483.0556,1.761E-006
1483.0754,2.134E-006
1483.0952,2.325E-006
1483.1151,2.250E-006
1483.1349,2.749E-006
1483.1548,2.064E-006
1483.1746,1.959E-006
1483.1944,2.292E-006
1483.2143,2.218E-006
1483.2341,1.589E-006
1483.2540,2.223E-006
1483.2738,1.691E-006
1483.2937,2.054E-006
1483.3135,1.735E-006
1483.3333,2.094E-006
1483.3532,2.130E-006
1483.3730,2.296E-006
1483.3929,1.801E-006
1483.4127,1.840E-006
1483.4325,1.733E-006
1483.4524,2.375E-006
1483.4722,2.183E-006
1483.4921,1.721E-006
1483.5119,1.796E-006
1483.5317,2.256E-006
1483.5516,2.028E-006
1483.5714,1.650E-006
1483.5913,2.190E-006
1483.6111,2.311E-006
1483.6310,2.448E-006
1483.6508,1.948E-006
1483.6706,2.067E-006
1483.6905,2.531E-006
1483.7103,2.119E-006
1483.7302,2.028E-006
1483.7500,2.467E-006
1483.7698,2.405E-006
1483.7897,2.334E-006
1483.8095,2.458E-006
1483.8294,2.313E-006
1483.8492,2.629E-006
1483.8690,2.592E-006
1483.8889,2.140E-006
1483.9087,2.067E-006
1483.9286,1.848E-006
1483.9484,2.547E-006
1483.9683,2.522E-006
1483.9881,2.607E-006
1484.0079,2.412E-006
1484.0278,2.798E-006
1484.0476,3.035E-006
1484.0675,2.707E-006
1484.0873,2.462E-006
1484.1071,2.577E-006
1484.1270,2.755E-006
1484.1468,3.300E-006
1484.1667,2.994E-006
1484.1865,2.950E-006
1484.2063,2.567E-006
1484.2262,2.923E-006
1484.2460,2.940E-006
1484.2659,3.118E-006
1484.2857,3.191E-006
1484.3056,3.260E-006
1484.3254,3.109E-006
1484.3452,3.050E-006
1484.3651,3.268E-006
1484.3849,3.249E-006
1484.4048,2.784E-006
1484.4246,3.263E-006
1484.4444,3.168E-006
1484.4643,3.287E-006
1484.4841,3.704E-006
1484.5040,3.273E-006
1484.5238,3.345E-006
1484.5437,3.666E-006
1484.5635,3.461E-006
1484.5833,3.711E-006
1484.6032,3.667E-006
1484.6230,3.488E-006
1484.6429,3.855E-006
1484.6627,3.684E-006
1484.6825,3.231E-006
1484.7024,3.443E-006
1484.7222,3.674E-006
1484.7421,3.436E-006
1484.7619,3.292E-006
1484.7817,3.860E-006
1484.8016,3.975E-006
1484.8214,3.730E-006
1484.8413,3.580E-006
1484.8611,3.564E-006
1484.8810,3.790E-006
1484.9008,4.186E-006
1484.9206,4.144E-006
1484.9405,3.835E-006
1484.9603,3.950E-006
1484.9802,3.960E-006
1485.0000,3.821E-006
1485.0198,3.918E-006
1485.0397,4.234E-006
1485.0595,3.753E-006
1485.0794,4.240E-006
1485.0992,3.820E-006
1485.1190,4.040E-006
1485.1389,3.673E-006
1485.1587,4.273E-006
1485.1786,3.659E-006
1485.1984,3.964E-006
1485.2183,4.158E-006
1485.2381,4.378E-006
1485.2579,4.195E-006
1485.2778,4.035E-006
1485.2976,3.914E-006
1485.3175,4.338E-006
1485.3373,4.363E-006
1485.3571,4.234E-006
1485.3770,3.876E-006
1485.3968,3.918E-006
1485.4167,3.913E-006
1485.4365,3.755E-006
1485.4563,3.860E-006
1485.4762,3.580E-006
1485.4960,3.781E-006
1485.5159,3.522E-006
1485.5357,4.054E-006
1485.5556,3.306E-006
1485.5754,3.592E-006
1485.5952,4.221E-006
1485.6151,3.238E-006
1485.6349,3.026E-006
1485.6548,3.641E-006
1485.6746,3.532E-006
1485.6944,3.905E-006
1485.7143,3.294E-006
1485.7341,3.196E-006
1485.7540,3.938E-006
1485.7738,3.405E-006
1485.7937,3.706E-006
1485.8135,3.447E-006
1485.8333,3.601E-006
1485.8532,3.510E-006
1485.8730,3.179E-006
1485.8929,2.829E-006
1485.9127,3.715E-006
1485.9325,3.385E-006
1485.9524,2.978E-006
1485.9722,3.213E-006
1485.9921,3.222E-006
1486.0119,2.896E-006
1486.0317,3.284E-006
1486.0516,2.727E-006
1486.0714,3.202E-006
1486.0913,2.970E-006
1486.1111,2.988E-006
1486.1310,2.996E-006
1486.1508,3.138E-006
1486.1706,3.050E-006
1486.1905,3.051E-006
1486.2103,2.258E-006
1486.2302,3.019E-006
1486.2500,2.684E-006
1486.2698,3.093E-006
1486.2897,3.210E-006
1486.3095,3.039E-006
1486.3294,3.238E-006
1486.3492,2.885E-006
1486.3690,3.204E-006
1486.3889,2.551E-006
1486.4087,3.391E-006
1486.4286,3.653E-006
1486.4484,3.396E-006
1486.4683,3.123E-006
1486.4881,2.954E-006
1486.5079,3.071E-006
1486.5278,3.494E-006
1486.5476,3.885E-006
1486.5675,3.494E-006
1486.5873,3.226E-006
1486.6071,3.453E-006
1486.6270,3.098E-006
1486.6468,3.500E-006
1486.6667,3.699E-006
1486.6865,3.750E-006
1486.7063,3.930E-006
1486.7262,4.003E-006
1486.7460,3.541E-006
1486.7659,3.783E-006
1486.7857,3.795E-006
1486.8056,3.702E-006
1486.8254,3.755E-006
1486.8452,3.819E-006
1486.8651,4.155E-006
1486.8849,4.181E-006
1486.9048,4.101E-006
1486.9246,3.881E-006
1486.9444,4.314E-006
1486.9643,3.916E-006
1486.9841,4.288E-006
1487.0040,4.056E-006
1487.0238,4.674E-006
1487.0437,4.545E-006
1487.0635,4.484E-006
1487.0833,4.775E-006
1487.1032,4.071E-006
1487.1230,4.340E-006
1487.1429,4.846E-006
1487.1627,4.855E-006
1487.1825,4.484E-006
1487.2024,4.888E-006
1487.2222,4.698E-006
1487.2421,4.653E-006
1487.2619,5.204E-006
1487.2817,4.905E-006
1487.3016,4.890E-006
1487.3214,5.154E-006
1487.3413,5.314E-006
1487.3611,5.085E-006
1487.3810,5.697E-006
1487.4008,5.339E-006
1487.4206,5.502E-006
1487.4405,5.202E-006
1487.4603,5.475E-006
1487.4802,5.416E-006
1487.5000,5.584E-006
1487.5198,5.443E-006
1487.5397,5.892E-006
1487.5595,5.562E-006
1487.5794,5.982E-006
1487.5992,6.059E-006
1487.6190,6.032E-006
1487.6389,5.328E-006
1487.6587,6.072E-006
1487.6786,5.714E-006
1487.6984,5.743E-006
1487.7183,5.727E-006
1487.7381,5.892E-006
1487.7579,5.822E-006
1487.7778,5.966E-006
1487.7976,5.702E-006
1487.8175,6.150E-006
1487.8373,6.370E-006
1487.8571,5.755E-006
1487.8770,5.999E-006
1487.8968,6.192E-006
1487.9167,6.182E-006
1487.9365,6.410E-006
1487.9563,5.777E-006
1487.9762,5.971E-006
1487.9960,5.658E-006
1488.0159,5.981E-006
1488.0357,5.766E-006
1488.0556,5.880E-006
1488.0754,5.919E-006
1488.0952,5.640E-006
1488.1151,5.724E-006
1488.1349,6.398E-006
1488.1548,6.167E-006
1488.1746,5.808E-006
1488.1944,6.227E-006
1488.2143,5.783E-006
1488.2341,5.883E-006
1488.2540,6.024E-006
1488.2738,6.047E-006
1488.2937,5.636E-006
1488.3135,5.756E-006
1488.3333,5.733E-006
1488.3532,5.436E-006
1488.3730,5.134E-006
1488.3929,5.679E-006
1488.4127,5.890E-006
1488.4325,5.438E-006
1488.4524,5.339E-006
1488.4722,5.693E-006
1488.4921,5.649E-006
1488.5119,5.575E-006
1488.5317,5.388E-006
1488.5516,5.517E-006
1488.5714,4.805E-006
1488.5913,5.255E-006
1488.6111,5.395E-006
1488.6310,4.661E-006
1488.6508,5.288E-006
1488.6706,5.092E-006
1488.6905,5.144E-006
1488.7103,5.099E-006
1488.7302,4.959E-006
1488.7500,5.123E-006
1488.7698,5.070E-006
1488.7897,5.207E-006
1488.8095,4.918E-006
1488.8294,4.651E-006
1488.8492,4.613E-006
1488.8690,4.762E-006
1488.8889,4.993E-006
1488.9087,4.999E-006
1488.9286,4.609E-006
1488.9484,4.896E-006
1488.9683,4.788E-006
1488.9881,4.573E-006
1489.0079,4.538E-006
1489.0278,4.751E-006
1489.0476,4.582E-006
1489.0675,4.806E-006
1489.0873,4.492E-006
1489.1071,4.077E-006
1489.1270,4.664E-006
1489.1468,4.508E-006
1489.1667,4.245E-006
1489.1865,4.889E-006
1489.2063,4.691E-006
1489.2262,5.027E-006
1489.2460,4.849E-006
1489.2659,4.427E-006
1489.2857,5.127E-006
1489.3056,4.992E-006
1489.3254,4.657E-006
1489.3452,4.748E-006
1489.3651,4.733E-006
1489.3849,4.871E-006
1489.4048,4.837E-006
1489.4246,4.995E-006
1489.4444,4.767E-006
1489.4643,5.222E-006
1489.4841,5.175E-006
1489.5040,5.770E-006
1489.5238,5.107E-006
1489.5437,5.637E-006
1489.5635,5.396E-006
1489.5833,5.493E-006
1489.6032,5.448E-006
1489.6230,5.642E-006
1489.6429,6.180E-006
1489.6627,5.887E-006
1489.6825,6.031E-006
1489.7024,5.852E-006
1489.7222,6.660E-006
1489.7421,5.941E-006
1489.7619,6.716E-006
1489.7817,5.684E-006
1489.8016,6.226E-006
1489.8214,6.364E-006
1489.8413,6.542E-006
1489.8611,6.571E-006
1489.8810,6.600E-006
1489.9008,6.980E-006
1489.9206,7.004E-006
1489.9405,7.159E-006
1489.9603,7.268E-006
1489.9802,7.294E-006
1490.0000,7.507E-006
1490.0198,7.263E-006
1490.0397,7.202E-006
1490.0595,7.631E-006
1490.0794,8.146E-006
1490.0992,7.834E-006
1490.1190,7.439E-006
1490.1389,7.389E-006
1490.1587,7.641E-006
1490.1786,7.886E-006
1490.1984,7.741E-006
1490.2183,7.408E-006
1490.2381,8.324E-006
1490.2579,8.151E-006
1490.2778,8.167E-006
1490.2976,8.347E-006
1490.3175,7.620E-006
1490.3373,8.983E-006
1490.3571,8.517E-006
1490.3770,8.597E-006
1490.3968,8.408E-006
1490.4167,8.368E-006
1490.4365,8.279E-006
1490.4563,8.118E-006
1490.4762,8.768E-006
1490.4960,8.963E-006
1490.5159,8.690E-006
1490.5357,8.697E-006
1490.5556,8.869E-006
1490.5754,8.852E-006
1490.5952,8.967E-006
1490.6151,8.949E-006
1490.6349,8.683E-006
1490.6548,9.095E-006
1490.6746,9.018E-006
1490.6944,9.191E-006
1490.7143,9.364E-006
1490.7341,8.996E-006
1490.7540,8.651E-006
1490.7738,9.146E-006
1490.7937,8.564E-006
1490.8135,8.857E-006
1490.8333,8.863E-006
1490.8532,8.900E-006
1490.8730,8.959E-006
1490.8929,9.331E-006
1490.9127,8.951E-006
1490.9325,8.710E-006
1490.9524,8.754E-006
1490.9722,8.753E-006
1490.9921,9.067E-006
1491.0119,8.618E-006
1491.0317,8.483E-006
1491.0516,8.849E-006
1491.0714,8.618E-006
1491.0913,8.740E-006
1491.1111,8.344E-006
1491.1310,8.446E-006
1491.1508,8.216E-006
1491.1706,8.306E-006
1491.1905,8.861E-006
1491.2103,8.429E-006
1491.2302,8.253E-006
1491.2500,7.936E-006
1491.2698,7.803E-006
1491.2897,8.381E-006
1491.3095,8.496E-006
1491.3294,7.778E-006
1491.3492,8.066E-006
1491.3690,7.438E-006
1491.3889,7.796E-006
1491.4087,7.852E-006
1491.4286,7.916E-006
1491.4484,7.559E-006
1491.4683,7.588E-006
1491.4881,7.625E-006
1491.5079,7.238E-006
1491.5278,6.970E-006
1491.5476,7.197E-006
1491.5675,7.679E-006
1491.5873,7.510E-006
1491.6071,7.490E-006
1491.6270,7.335E-006
1491.6468,7.109E-006
1491.6667,7.369E-006
1491.6865,7.462E-006
1491.7063,7.209E-006
1491.7262,6.865E-006
1491.7460,6.681E-006
1491.7659,7.184E-006
1491.7857,6.623E-006
1491.8056,6.793E-006
1491.8254,6.744E-006
1491.8452,7.158E-006
1491.8651,6.591E-006
1491.8849,6.422E-006
1491.9048,6.590E-006
1491.9246,6.980E-006
1491.9444,6.655E-006
1491.9643,6.573E-006
1491.9841,6.561E-006
1492.0040,7.089E-006
1492.0238,6.554E-006
1492.0437,6.606E-006
1492.0635,6.822E-006
1492.0833,6.927E-006
1492.1032,7.260E-006
1492.1230,6.775E-006
1492.1429,7.213E-006
1492.1627,7.094E-006
1492.1825,7.491E-006
1492.2024,7.166E-006
1492.2222,7.406E-006
1492.2421,7.636E-006
1492.2619,7.394E-006
1492.2817,7.425E-006
1492.3016,7.200E-006
1492.3214,7.606E-006
1492.3413,7.711E-006
1492.3611,7.192E-006
1492.3810,8.067E-006
1492.4008,8.212E-006
1492.4206,8.182E-006
1492.4405,8.789E-006
1492.4603,8.433E-006
1492.4802,7.967E-006
1492.5000,8.771E-006
1492.5198,8.559E-006
1492.5397,9.177E-006
1492.5595,8.648E-006
1492.5794,9.525E-006
1492.5992,8.845E-006
1492.6190,9.762E-006
1492.6389,9.210E-006
1492.6587,9.061E-006
1492.6786,1.006E-005
1492.6984,9.846E-006
1492.7183,1.009E-005
1492.7381,9.462E-006
1492.7579,9.937E-006
1492.7778,1.022E-005
1492.7976,1.089E-005
1492.8175,1.111E-005
1492.8373,1.087E-005
1492.8571,1.092E-005
1492.8770,1.085E-005
1492.8968,1.105E-005
1492.9167,1.098E-005
1492.9365,1.127E-005
1492.9563,1.138E-005
1492.9762,1.106E-005
1492.9960,1.156E-005
1493.0159,1.214E-005
1493.0357,1.162E-005
1493.0556,1.203E-005
1493.0754,1.180E-005
1493.0952,1.213E-005
1493.1151,1.247E-005
1493.1349,1.208E-005
1493.1548,1.270E-005
1493.1746,1.239E-005
1493.1944,1.255E-005
1493.2143,1.251E-005
1493.2341,1.228E-005
1493.2540,1.279E-005
1493.2738,1.282E-005
1493.2937,1.261E-005
1493.3135,1.310E-005
1493.3333,1.286E-005
1493.3532,1.302E-005
1493.3730,1.322E-005
1493.3929,1.307E-005
1493.4127,1.306E-005
1493.4325,1.323E-005
1493.4524,1.282E-005
1493.4722,1.267E-005
1493.4921,1.338E-005
1493.5119,1.327E-005
1493.5317,1.279E-005
1493.5516,1.329E-005
1493.5714,1.353E-005
1493.5913,1.301E-005
1493.6111,1.321E-005
1493.6310,1.327E-005
1493.6508,1.304E-005
1493.6706,1.348E-005
1493.6905,1.289E-005
1493.7103,1.329E-005
1493.7302,1.277E-005
1493.7500,1.290E-005
1493.7698,1.331E-005
1493.7897,1.312E-005
1493.8095,1.311E-005
1493.8294,1.309E-005
1493.8492,1.314E-005
1493.8690,1.306E-005
1493.8889,1.349E-005
1493.9087,1.307E-005
1493.9286,1.274E-005
1493.9484,1.264E-005
1493.9683,1.321E-005
1493.9881,1.257E-005
1494.0079,1.231E-005
1494.0278,1.228E-005
1494.0476,1.290E-005
1494.0675,1.244E-005
1494.0873,1.222E-005
1494.1071,1.204E-005
1494.1270,1.172E-005
1494.1468,1.176E-005
1494.1667,1.200E-005
1494.1865,1.172E-005
1494.2063,1.179E-005
1494.2262,1.150E-005
1494.2460,1.127E-005
1494.2659,1.117E-005
1494.2857,1.154E-005
1494.3056,1.215E-005
1494.3254,1.103E-005
1494.3452,1.075E-005
1494.3651,1.104E-005
1494.3849,1.110E-005
1494.4048,1.106E-005
1494.4246,1.068E-005
1494.4444,1.070E-005
1494.4643,1.070E-005
1494.4841,1.027E-005
1494.5040,1.088E-005
1494.5238,1.054E-005
1494.5437,1.037E-005
1494.5635,1.056E-005
1494.5833,9.963E-006
1494.6032,9.877E-006
1494.6230,1.015E-005
1494.6429,1.037E-005
1494.6627,1.028E-005
1494.6825,1.031E-005
1494.7024,1.007E-005
1494.7222,1.049E-005
1494.7421,1.007E-005
1494.7619,1.026E-005
1494.7817,1.046E-005
1494.8016,9.647E-006
1494.8214,9.898E-006
1494.8413,1.020E-005
1494.8611,1.013E-005
1494.8810,1.010E-005
1494.9008,1.006E-005
1494.9206,1.028E-005
1494.9405,1.014E-005
1494.9603,1.052E-005
1494.9802,1.006E-005
1495.0000,1.040E-005
1495.0198,1.031E-005
1495.0397,1.067E-005
1495.0595,1.064E-005
1495.0794,1.095E-005
1495.0992,1.078E-005
1495.1190,1.150E-005
1495.1389,1.102E-005
1495.1587,1.116E-005
1495.1786,1.143E-005
1495.1984,1.180E-005
1495.2183,1.167E-005
1495.2381,1.174E-005
1495.2579,1.193E-005
1495.2778,1.229E-005
1495.2976,1.230E-005
1495.3175,1.245E-005
1495.3373,1.235E-005
1495.3571,1.272E-005
1495.3770,1.294E-005
1495.3968,1.362E-005
1495.4167,1.301E-005
1495.4365,1.332E-005
1495.4563,1.358E-005
1495.4762,1.399E-005
1495.4960,1.395E-005
1495.5159,1.459E-005
1495.5357,1.471E-005
1495.5556,1.498E-005
1495.5754,1.446E-005
1495.5952,1.490E-005
1495.6151,1.479E-005
1495.6349,1.589E-005
1495.6548,1.566E-005
1495.6746,1.577E-005
1495.6944,1.591E-005
1495.7143,1.626E-005
1495.7341,1.651E-005
1495.7540,1.659E-005
1495.7738,1.666E-005
1495.7937,1.677E-005
1495.8135,1.721E-005
1495.8333,1.731E-005
1495.8532,1.749E-005
1495.8730,1.739E-005
1495.8929,1.752E-005
1495.9127,1.762E-005
1495.9325,1.732E-005
1495.9524,1.786E-005
1495.9722,1.811E-005
1495.9921,1.811E-005
1496.0119,1.858E-005
1496.0317,1.870E-005
1496.0516,1.835E-005
1496.0714,1.839E-005
1496.0913,1.851E-005
1496.1111,1.948E-005
1496.1310,1.897E-005
1496.1508,1.912E-005
1496.1706,1.885E-005
1496.1905,1.893E-005
1496.2103,1.926E-005
1496.2302,1.902E-005
1496.2500,1.915E-005
1496.2698,1.969E-005
1496.2897,1.890E-005
1496.3095,1.914E-005
1496.3294,1.901E-005
1496.3492,1.925E-005
1496.3690,1.905E-005
1496.3889,1.941E-005
1496.4087,1.940E-005
1496.4286,1.922E-005
1496.4484,1.949E-005
1496.4683,1.940E-005
1496.4881,1.971E-005
1496.5079,1.939E-005
1496.5278,2.000E-005
1496.5476,2.008E-005
1496.5675,1.959E-005
1496.5873,1.958E-005
1496.6071,1.973E-005
1496.6270,1.916E-005
1496.6468,1.900E-005
1496.6667,1.899E-005
1496.6865,1.866E-005
1496.7063,1.910E-005
1496.7262,1.876E-005
1496.7460,1.858E-005
1496.7659,1.848E-005
1496.7857,1.877E-005
1496.8056,1.906E-005
1496.8254,1.928E-005
1496.8452,1.862E-005
1496.8651,1.861E-005
1496.8849,1.829E-005
1496.9048,1.834E-005
1496.9246,1.830E-005
1496.9444,1.801E-005
1496.9643,1.792E-005
1496.9841,1.784E-005
1497.0040,1.788E-005
1497.0238,1.743E-005
1497.0437,1.757E-005
1497.0635,1.720E-005
1497.0833,1.729E-005
1497.1032,1.713E-005
1497.1230,1.724E-005
1497.1429,1.685E-005
1497.1627,1.675E-005
1497.1825,1.670E-005
1497.2024,1.644E-005
1497.2222,1.683E-005
1497.2421,1.651E-005
1497.2619,1.653E-005
1497.2817,1.615E-005
1497.3016,1.598E-005
1497.3214,1.597E-005
1497.3413,1.587E-005
1497.3611,1.581E-005
1497.3810,1.570E-005
1497.4008,1.546E-005
1497.4206,1.542E-005
1497.4405,1.528E-005
1497.4603,1.520E-005
1497.4802,1.492E-005
1497.5000,1.515E-005
1497.5198,1.521E-005
1497.5397,1.506E-005
1497.5595,1.502E-005
1497.5794,1.470E-005
1497.5992,1.489E-005
1497.6190,1.490E-005
1497.6389,1.511E-005
1497.6587,1.461E-005
1497.6786,1.504E-005
1497.6984,1.515E-005
1497.7183,1.551E-005
1497.7381,1.505E-005
1497.7579,1.485E-005
1497.7778,1.498E-005
1497.7976,1.508E-005
1497.8175,1.563E-005
1497.8373,1.520E-005
1497.8571,1.510E-005
1497.8770,1.553E-005
1497.8968,1.604E-005
1497.9167,1.576E-005
1497.9365,1.600E-005
1497.9563,1.629E-005
1497.9762,1.636E-005
1497.9960,1.625E-005
1498.0159,1.688E-005
1498.0357,1.690E-005
1498.0556,1.697E-005
1498.0754,1.760E-005
1498.0952,1.743E-005
1498.1151,1.787E-005
1498.1349,1.795E-005
1498.1548,1.818E-005
1498.1746,1.846E-005
1498.1944,1.872E-005
1498.2143,1.879E-005
1498.2341,1.927E-005
1498.2540,1.919E-005
1498.2738,1.992E-005
1498.2937,2.004E-005
1498.3135,2.058E-005
1498.3333,2.039E-005
1498.3532,2.077E-005
1498.3730,2.079E-005
1498.3929,2.114E-005
1498.4127,2.190E-005
1498.4325,2.199E-005
1498.4524,2.235E-005
1498.4722,2.201E-005
1498.4921,2.264E-005
1498.5119,2.299E-005
1498.5317,2.347E-005
1498.5516,2.353E-005
1498.5714,2.415E-005
1498.5913,2.475E-005
1498.6111,2.435E-005
1498.6310,2.456E-005
1498.6508,2.475E-005
1498.6706,2.532E-005
1498.6905,2.562E-005
1498.7103,2.590E-005
1498.7302,2.630E-005
1498.7500,2.631E-005
1498.7698,2.638E-005
1498.7897,2.671E-005
1498.8095,2.661E-005
1498.8294,2.732E-005
1498.8492,2.716E-005
1498.8690,2.747E-005
1498.8889,2.781E-005
1498.9087,2.731E-005
1498.9286,2.765E-005
1498.9484,2.793E-005
1498.9683,2.824E-005
1498.9881,2.856E-005
1499.0079,2.845E-005
1499.0278,2.882E-005
1499.0476,2.857E-005
1499.0675,2.915E-005
1499.0873,2.879E-005
1499.1071,2.889E-005
1499.1270,2.892E-005
1499.1468,2.924E-005
1499.1667,2.928E-005
1499.1865,2.892E-005
1499.2063,2.903E-005
1499.2262,2.894E-005
1499.2460,2.921E-005
1499.2659,2.887E-005
1499.2857,2.858E-005
1499.3056,2.921E-005
1499.3254,2.928E-005
1499.3452,2.875E-005
1499.3651,2.929E-005
1499.3849,2.890E-005
1499.4048,2.906E-005
1499.4246,2.865E-005
1499.4444,2.862E-005
1499.4643,2.883E-005
1499.4841,2.863E-005
1499.5040,2.813E-005
1499.5238,2.884E-005
1499.5437,2.887E-005
1499.5635,2.887E-005
1499.5833,2.825E-005
1499.6032,2.789E-005
1499.6230,2.807E-005
1499.6429,2.751E-005
1499.6627,2.779E-005
1499.6825,2.738E-005
1499.7024,2.700E-005
1499.7222,2.696E-005
1499.7421,2.695E-005
1499.7619,2.664E-005
1499.7817,2.730E-005
1499.8016,2.753E-005
1499.8214,2.656E-005
1499.8413,2.629E-005
1499.8611,2.620E-005
1499.8810,2.631E-005
1499.9008,2.591E-005
1499.9206,2.574E-005
1499.9405,2.527E-005
1499.9603,2.549E-005
1499.9802,2.525E-005
1500.0000,2.520E-005
1500.0198,2.479E-005
1500.0397,2.488E-005
1500.0595,2.451E-005
1500.0794,2.489E-005
1500.0992,2.438E-005
1500.1190,2.415E-005
1500.1389,2.435E-005
1500.1587,2.375E-005
1500.1786,2.368E-005
1500.1984,2.395E-005
1500.2183,2.383E-005
1500.2381,2.355E-005
1500.2579,2.343E-005
1500.2778,2.333E-005
1500.2976,2.340E-005
1500.3175,2.284E-005
1500.3373,2.239E-005
1500.3571,2.215E-005
1500.3770,2.250E-005
1500.3968,2.280E-005
1500.4167,2.284E-005
1500.4365,2.240E-005
1500.4563,2.257E-005
1500.4762,2.224E-005
1500.4960,2.229E-005
1500.5159,2.256E-005
1500.5357,2.282E-005
1500.5556,2.301E-005
1500.5754,2.281E-005
1500.5952,2.297E-005
1500.6151,2.273E-005
1500.6349,2.233E-005
1500.6548,2.290E-005
1500.6746,2.327E-005
1500.6944,2.353E-005
1500.7143,2.320E-005
1500.7341,2.325E-005
1500.7540,2.299E-005
1500.7738,2.358E-005
1500.7937,2.347E-005
1500.8135,2.401E-005
1500.8333,2.434E-005
1500.8532,2.427E-005
1500.8730,2.469E-005
1500.8929,2.517E-005
1500.9127,2.523E-005
1500.9325,2.529E-005
1500.9524,2.575E-005
1500.9722,2.602E-005
1500.9921,2.586E-005
1501.0119,2.683E-005
1501.0317,2.704E-005
1501.0516,2.731E-005
1501.0714,2.752E-005
1501.0913,2.770E-005
1501.1111,2.869E-005
1501.1310,2.840E-005
1501.1508,2.914E-005
1501.1706,2.966E-005
1501.1905,2.983E-005
1501.2103,3.079E-005
1501.2302,3.060E-005
1501.2500,3.108E-005
1501.2698,3.134E-005
1501.2897,3.180E-005
1501.3095,3.231E-005
1501.3294,3.240E-005
1501.3492,3.280E-005
1501.3690,3.314E-005
1501.3889,3.341E-005
1501.4087,3.386E-005
1501.4286,3.413E-005
1501.4484,3.474E-005
1501.4683,3.550E-005
1501.4881,3.538E-005
1501.5079,3.602E-005
1501.5278,3.631E-005
1501.5476,3.695E-005
1501.5675,3.697E-005
1501.5873,3.779E-005
1501.6071,3.783E-005
1501.6270,3.846E-005
1501.6468,3.884E-005
1501.6667,3.917E-005
1501.6865,3.943E-005
1501.7063,3.951E-005
1501.7262,3.972E-005
1501.7460,3.966E-005
1501.7659,4.037E-005
1501.7857,4.019E-005
1501.8056,4.060E-005
1501.8254,4.078E-005
1501.8452,4.100E-005
1501.8651,4.140E-005
1501.8849,4.143E-005
1501.9048,4.168E-005
1501.9246,4.187E-005
1501.9444,4.173E-005
1501.9643,4.211E-005
1501.9841,4.230E-005
1502.0040,4.232E-005
1502.0238,4.230E-005
1502.0437,4.215E-005
1502.0635,4.217E-005
1502.0833,4.239E-005
1502.1032,4.224E-005
1502.1230,4.185E-005
1502.1429,4.181E-005
1502.1627,4.214E-005
1502.1825,4.180E-005
1502.2024,4.252E-005
1502.2222,4.220E-005
1502.2421,4.138E-005
1502.2619,4.156E-005
1502.2817,4.183E-005
1502.3016,4.131E-005
1502.3214,4.190E-005
1502.3413,4.131E-005
1502.3611,4.148E-005
1502.3810,4.080E-005
1502.4008,4.103E-005
1502.4206,4.108E-005
1502.4405,4.117E-005
1502.4603,4.078E-005
1502.4802,4.065E-005
1502.5000,3.959E-005
1502.5198,4.041E-005
1502.5397,4.001E-005
1502.5595,3.950E-005
1502.5794,3.920E-005
1502.5992,3.890E-005
1502.6190,3.874E-005
1502.6389,3.894E-005
1502.6587,3.893E-005
1502.6786,3.839E-005
1502.6984,3.805E-005
1502.7183,3.818E-005
1502.7381,3.854E-005
1502.7579,3.751E-005
1502.7778,3.753E-005
1502.7976,3.744E-005
1502.8175,3.648E-005
1502.8373,3.634E-005
1502.8571,3.623E-005
1502.8770,3.605E-005
1502.8968,3.584E-005
1502.9167,3.544E-005
1502.9365,3.542E-005
1502.9563,3.569E-005
1502.9762,3.473E-005
1502.9960,3.468E-005
1503.0159,3.509E-005
1503.0357,3.446E-005
1503.0556,3.418E-005
1503.0754,3.367E-005
1503.0952,3.395E-005
1503.1151,3.355E-005
1503.1349,3.305E-005
1503.1548,3.265E-005
1503.1746,3.298E-005
1503.1944,3.305E-005
1503.2143,3.283E-005
1503.2341,3.238E-005
1503.2540,3.222E-005
1503.2738,3.265E-005
1503.2937,3.223E-005
1503.3135,3.203E-005
1503.3333,3.223E-005
1503.3532,3.223E-005
1503.3730,3.225E-005
1503.3929,3.266E-005
1503.4127,3.245E-005
1503.4325,3.213E-005
1503.4524,3.216E-005
1503.4722,3.235E-005
1503.4921,3.214E-005
1503.5119,3.282E-005
1503.5317,3.280E-005
1503.5516,3.238E-005
1503.5714,3.292E-005
1503.5913,3.296E-005
1503.6111,3.331E-005
1503.6310,3.339E-005
1503.6508,3.339E-005
1503.6706,3.374E-005
1503.6905,3.376E-005
1503.7103,3.463E-005
1503.7302,3.474E-005
1503.7500,3.505E-005
1503.7698,3.562E-005
1503.7897,3.563E-005
1503.8095,3.606E-005
1503.8294,3.648E-005
1503.8492,3.659E-005
1503.8690,3.705E-005
1503.8889,3.771E-005
1503.9087,3.776E-005
1503.9286,3.821E-005
1503.9484,3.877E-005
1503.9683,3.956E-005
1503.9881,3.984E-005
1504.0079,4.052E-005
1504.0278,4.069E-005
1504.0476,4.168E-005
1504.0675,4.191E-005
1504.0873,4.278E-005
1504.1071,4.347E-005
1504.1270,4.348E-005
1504.1468,4.437E-005
1504.1667,4.506E-005
1504.1865,4.527E-005
1504.2063,4.625E-005
1504.2262,4.632E-005
1504.2460,4.694E-005
1504.2659,4.805E-005
1504.2857,4.800E-005
1504.3056,4.813E-005
1504.3254,4.866E-005
1504.3452,4.949E-005
1504.3651,5.002E-005
1504.3849,5.086E-005
1504.4048,5.102E-005
1504.4246,5.216E-005
1504.4444,5.267E-005
1504.4643,5.300E-005
1504.4841,5.393E-005
1504.5040,5.397E-005
1504.5238,5.474E-005
1504.5437,5.480E-005
1504.5635,5.550E-005
1504.5833,5.611E-005
1504.6032,5.621E-005
1504.6230,5.632E-005
1504.6429,5.656E-005
1504.6627,5.747E-005
1504.6825,5.703E-005
1504.7024,5.719E-005
1504.7222,5.787E-005
1504.7421,5.778E-005
1504.7619,5.851E-005
1504.7817,5.885E-005
1504.8016,5.867E-005
1504.8214,5.880E-005
1504.8413,5.921E-005
1504.8611,5.885E-005
1504.8810,5.948E-005
1504.9008,5.990E-005
1504.9206,5.930E-005
1504.9405,5.942E-005
1504.9603,5.908E-005
1504.9802,5.960E-005
1505.0000,5.941E-005
1505.0198,5.933E-005
1505.0397,5.929E-005
1505.0595,5.864E-005
1505.0794,5.817E-005
1505.0992,5.902E-005
1505.1190,5.889E-005
1505.1389,5.830E-005
1505.1587,5.887E-005
1505.1786,5.856E-005
1505.1984,5.813E-005
1505.2183,5.860E-005
1505.2381,5.802E-005
1505.2579,5.829E-005
1505.2778,5.778E-005
1505.2976,5.703E-005
1505.3175,5.726E-005
1505.3373,5.636E-005
1505.3571,5.645E-005
1505.3770,5.638E-005
1505.3968,5.629E-005
1505.4167,5.557E-005
1505.4365,5.607E-005
1505.4563,5.478E-005
1505.4762,5.477E-005
1505.4960,5.444E-005
1505.5159,5.512E-005
1505.5357,5.442E-005
1505.5556,5.497E-005
1505.5754,5.400E-005
1505.5952,5.420E-005
1505.6151,5.342E-005
1505.6349,5.290E-005
1505.6548,5.261E-005
1505.6746,5.276E-005
1505.6944,5.216E-005
1505.7143,5.134E-005
1505.7341,5.135E-005
1505.7540,5.042E-005
1505.7738,5.043E-005
1505.7937,5.015E-005
1505.8135,4.979E-005
1505.8333,4.983E-005
1505.8532,4.940E-005
1505.8730,4.959E-005
1505.8929,4.910E-005
1505.9127,4.800E-005
1505.9325,4.851E-005
1505.9524,4.819E-005
1505.9722,4.816E-005
1505.9921,4.803E-005
1506.0119,4.793E-005
1506.0317,4.717E-005
1506.0516,4.735E-005
1506.0714,4.685E-005
1506.0913,4.675E-005
1506.1111,4.663E-005
1506.1310,4.644E-005
1506.1508,4.592E-005
1506.1706,4.580E-005
1506.1905,4.570E-005
1506.2103,4.544E-005
1506.2302,4.591E-005
1506.2500,4.580E-005
1506.2698,4.563E-005
1506.2897,4.568E-005
1506.3095,4.585E-005
1506.3294,4.598E-005
1506.3492,4.567E-005
1506.3690,4.575E-005
1506.3889,4.594E-005
1506.4087,4.660E-005
1506.4286,4.652E-005
1506.4484,4.674E-005
1506.4683,4.691E-005
1506.4881,4.667E-005
1506.5079,4.703E-005
1506.5278,4.698E-005
1506.5476,4.743E-005
1506.5675,4.792E-005
1506.5873,4.851E-005
1506.6071,4.856E-005
1506.6270,4.946E-005
1506.6468,4.959E-005
1506.6667,5.065E-005
1506.6865,5.128E-005
1506.7063,5.130E-005
1506.7262,5.177E-005
1506.7460,5.231E-005
1506.7659,5.287E-005
1506.7857,5.361E-005
1506.8056,5.376E-005
1506.8254,5.416E-005
1506.8452,5.468E-005
1506.8651,5.555E-005
1506.8849,5.616E-005
1506.9048,5.694E-005
1506.9246,5.765E-005
1506.9444,5.821E-005
1506.9643,5.938E-005
1506.9841,5.993E-005
1507.0040,6.044E-005
1507.0238,6.147E-005
1507.0437,6.205E-005
1507.0635,6.348E-005
1507.0833,6.391E-005
1507.1032,6.554E-005
1507.1230,6.583E-005
1507.1429,6.677E-005
1507.1627,6.663E-005
1507.1825,6.832E-005
1507.2024,6.823E-005
1507.2222,6.875E-005
1507.2421,7.078E-005
1507.2619,7.097E-005
1507.2817,7.155E-005
1507.3016,7.227E-005
1507.3214,7.345E-005
1507.3413,7.396E-005
1507.3611,7.479E-005
1507.3810,7.480E-005
1507.4008,7.670E-005
1507.4206,7.661E-005
1507.4405,7.718E-005
1507.4603,7.817E-005
1507.4802,7.933E-005
1507.5000,7.941E-005
1507.5198,7.992E-005
1507.5397,8.047E-005
1507.5595,8.079E-005
1507.5794,8.134E-005
1507.5992,8.165E-005
1507.6190,8.151E-005
1507.6389,8.170E-005
1507.6587,8.291E-005
1507.6786,8.295E-005
1507.6984,8.335E-005
1507.7183,8.360E-005
1507.7381,8.427E-005
1507.7579,8.446E-005
1507.7778,8.533E-005
1507.7976,8.522E-005
1507.8175,8.502E-005
1507.8373,8.555E-005
1507.8571,8.512E-005
1507.8770,8.599E-005
1507.8968,8.505E-005
1507.9167,8.529E-005
1507.9365,8.501E-005
1507.9563,8.525E-005
1507.9762,8.479E-005
1507.9960,8.510E-005
1508.0159,8.435E-005
1508.0357,8.313E-005
1508.0556,8.386E-005
1508.0754,8.387E-005
1508.0952,8.343E-005
1508.1151,8.295E-005
1508.1349,8.267E-005
1508.1548,8.210E-005
1508.1746,8.255E-005
1508.1944,8.217E-005
1508.2143,8.218E-005
1508.2341,8.173E-005
1508.2540,8.095E-005
1508.2738,8.105E-005
1508.2937,8.003E-005
1508.3135,8.009E-005
1508.3333,7.928E-005
1508.3532,7.844E-005
1508.3730,7.902E-005
1508.3929,7.730E-005
1508.4127,7.721E-005
1508.4325,7.607E-005
1508.4524,7.687E-005
1508.4722,7.582E-005
1508.4921,7.570E-005
1508.5119,7.558E-005
1508.5317,7.428E-005
1508.5516,7.367E-005
1508.5714,7.458E-005
1508.5913,7.327E-005
1508.6111,7.320E-005
1508.6310,7.341E-005
1508.6508,7.262E-005
1508.6706,7.201E-005
1508.6905,6.975E-005
1508.7103,6.998E-005
1508.7302,7.045E-005
1508.7500,6.963E-005
1508.7698,6.891E-005
1508.7897,6.878E-005
1508.8095,6.813E-005
1508.8294,6.842E-005
1508.8492,6.856E-005
1508.8690,6.767E-005
1508.8889,6.699E-005
1508.9087,6.835E-005
1508.9286,6.748E-005
1508.9484,6.714E-005
1508.9683,6.637E-005
1508.9881,6.682E-005
1509.0079,6.610E-005
1509.0278,6.700E-005
1509.0476,6.635E-005
1509.0675,6.613E-005
1509.0873,6.535E-005
1509.1071,6.555E-005
1509.1270,6.538E-005
1509.1468,6.523E-005
1509.1667,6.562E-005
1509.1865,6.560E-005
1509.2063,6.498E-005
1509.2262,6.553E-005
1509.2460,6.612E-005
1509.2659,6.647E-005
1509.2857,6.574E-005
1509.3056,6.655E-005
1509.3254,6.692E-005
1509.3452,6.726E-005
1509.3651,6.761E-005
1509.3849,6.714E-005
1509.4048,6.746E-005
1509.4246,6.822E-005
1509.4444,6.867E-005
1509.4643,6.825E-005
1509.4841,6.938E-005
1509.5040,6.916E-005
1509.5238,6.955E-005
1509.5437,7.040E-005
1509.5635,7.091E-005
1509.5833,7.270E-005
1509.6032,7.315E-005
1509.6230,7.373E-005
1509.6429,7.488E-005
1509.6627,7.493E-005
1509.6825,7.578E-005
1509.7024,7.708E-005
1509.7222,7.737E-005
1509.7421,7.827E-005
1509.7619,7.914E-005
1509.7817,7.997E-005
1509.8016,8.084E-005
1509.8214,8.086E-005
1509.8413,8.156E-005
1509.8611,8.243E-005
1509.8810,8.402E-005
1509.9008,8.360E-005
1509.9206,8.495E-005
1509.9405,8.674E-005
1509.9603,8.830E-005
1509.9802,9.047E-005
1510.0000,9.013E-005
1510.0198,9.190E-005
1510.0397,9.330E-005
1510.0595,9.426E-005
1510.0794,9.490E-005
1510.0992,9.642E-005
1510.1190,9.803E-005
1510.1389,9.654E-005
1510.1587,9.895E-005
1510.1786,9.936E-005
1510.1984,1.005E-004
1510.2183,1.008E-004
1510.2381,1.016E-004
1510.2579,1.029E-004
1510.2778,1.048E-004
1510.2976,1.056E-004
1510.3175,1.070E-004
1510.3373,1.076E-004
1510.3571,1.094E-004
1510.3770,1.093E-004
1510.3968,1.109E-004
1510.4167,1.121E-004
1510.4365,1.131E-004
1510.4563,1.133E-004
1510.4762,1.141E-004
1510.4960,1.142E-004
1510.5159,1.159E-004
1510.5357,1.170E-004
1510.5556,1.163E-004
1510.5754,1.168E-004
1510.5952,1.175E-004
1510.6151,1.177E-004
1510.6349,1.178E-004
1510.6548,1.187E-004
1510.6746,1.185E-004
1510.6944,1.190E-004
1510.7143,1.195E-004
1510.7341,1.200E-004
1510.7540,1.204E-004
1510.7738,1.201E-004
1510.7937,1.212E-004
1510.8135,1.199E-004
1510.8333,1.204E-004
1510.8532,1.199E-004
1510.8730,1.198E-004
1510.8929,1.200E-004
1510.9127,1.197E-004
1510.9325,1.194E-004
1510.9524,1.184E-004
1510.9722,1.189E-004
1510.9921,1.177E-004
1511.0119,1.171E-004
1511.0317,1.185E-004
1511.0516,1.165E-004
1511.0714,1.163E-004
1511.0913,1.161E-004
1511.1111,1.158E-004
1511.1310,1.163E-004
1511.1508,1.155E-004
1511.1706,1.144E-004
1511.1905,1.130E-004
1511.2103,1.127E-004
1511.2302,1.119E-004
1511.2500,1.113E-004
1511.2698,1.100E-004
1511.2897,1.096E-004
1511.3095,1.083E-004
1511.3294,1.071E-004
1511.3492,1.073E-004
1511.3690,1.067E-004
1511.3889,1.058E-004
1511.4087,1.054E-004
1511.4286,1.058E-004
1511.4484,1.050E-004
1511.4683,1.038E-004
1511.4881,1.034E-004
1511.5079,1.035E-004
1511.5278,1.034E-004
1511.5476,1.030E-004
1511.5675,1.014E-004
1511.5873,1.002E-004
1511.6071,9.919E-005
1511.6270,9.907E-005
1511.6468,9.810E-005
1511.6667,9.748E-005
1511.6865,9.697E-005
1511.7063,9.577E-005
1511.7262,9.492E-005
1511.7460,9.517E-005
1511.7659,9.482E-005
1511.7857,9.386E-005
1511.8056,9.299E-005
1511.8254,9.287E-005
1511.8452,9.308E-005
1511.8651,9.242E-005
1511.8849,9.284E-005
1511.9048,9.276E-005
1511.9246,9.167E-005
1511.9444,9.175E-005
1511.9643,9.142E-005
1511.9841,9.254E-005
1512.0040,9.131E-005
1512.0238,9.095E-005
1512.0437,9.117E-005
1512.0635,9.093E-005
1512.0833,9.088E-005
1512.1032,9.138E-005
1512.1230,9.105E-005
1512.1429,9.110E-005
1512.1627,9.156E-005
1512.1825,9.114E-005
1512.2024,9.194E-005
1512.2222,9.212E-005
1512.2421,9.295E-005
1512.2619,9.299E-005
1512.2817,9.280E-005
1512.3016,9.344E-005
1512.3214,9.430E-005
1512.3413,9.463E-005
1512.3611,9.479E-005
1512.3810,9.579E-005
1512.4008,9.592E-005
1512.4206,9.622E-005
1512.4405,9.692E-005
1512.4603,9.794E-005
1512.4802,9.845E-005
1512.5000,9.953E-005
1512.5198,1.006E-004
1512.5397,1.013E-004
1512.5595,1.021E-004
1512.5794,1.033E-004
1512.5992,1.043E-004
1512.6190,1.053E-004
1512.6389,1.070E-004
1512.6587,1.081E-004
1512.6786,1.099E-004
1512.6984,1.100E-004
1512.7183,1.120E-004
1512.7381,1.118E-004
1512.7579,1.144E-004
1512.7778,1.137E-004
1512.7976,1.151E-004
1512.8175,1.153E-004
1512.8373,1.171E-004
1512.8571,1.186E-004
1512.8770,1.196E-004
1512.8968,1.215E-004
1512.9167,1.224E-004
1512.9365,1.247E-004
1512.9563,1.265E-004
1512.9762,1.278E-004
1512.9960,1.284E-004
1513.0159,1.312E-004
1513.0357,1.322E-004
1513.0556,1.335E-004
1513.0754,1.344E-004
1513.0952,1.349E-004
1513.1151,1.378E-004
1513.1349,1.392E-004
1513.1548,1.396E-004
1513.1746,1.410E-004
1513.1944,1.422E-004
1513.2143,1.441E-004
1513.2341,1.455E-004
1513.2540,1.461E-004
1513.2738,1.473E-004
1513.2937,1.479E-004
1513.3135,1.496E-004
1513.3333,1.511E-004
1513.3532,1.522E-004
1513.3730,1.535E-004
1513.3929,1.538E-004
1513.4127,1.549E-004
1513.4325,1.556E-004
1513.4524,1.560E-004
1513.4722,1.570E-004
1513.4921,1.578E-004
1513.5119,1.588E-004
1513.5317,1.588E-004
1513.5516,1.585E-004
1513.5714,1.588E-004
1513.5913,1.605E-004
1513.6111,1.610E-004
1513.6310,1.617E-004
1513.6508,1.619E-004
1513.6706,1.618E-004
1513.6905,1.632E-004
1513.7103,1.624E-004
1513.7302,1.622E-004
1513.7500,1.629E-004
1513.7698,1.619E-004
1513.7897,1.618E-004
1513.8095,1.610E-004
1513.8294,1.606E-004
1513.8492,1.603E-004
1513.8690,1.599E-004
1513.8889,1.585E-004
1513.9087,1.584E-004
1513.9286,1.580E-004
1513.9484,1.571E-004
1513.9683,1.565E-004
1513.9881,1.550E-004
1514.0079,1.547E-004
1514.0278,1.547E-004
1514.0476,1.550E-004
1514.0675,1.546E-004
1514.0873,1.536E-004
1514.1071,1.520E-004
1514.1270,1.506E-004
1514.1468,1.493E-004
1514.1667,1.497E-004
1514.1865,1.488E-004
1514.2063,1.482E-004
1514.2262,1.468E-004
1514.2460,1.440E-004
1514.2659,1.442E-004
1514.2857,1.429E-004
1514.3056,1.420E-004
1514.3254,1.412E-004
1514.3452,1.394E-004
1514.3651,1.396E-004
1514.3849,1.392E-004
1514.4048,1.388E-004
1514.4246,1.378E-004
1514.4444,1.369E-004
1514.4643,1.357E-004
1514.4841,1.341E-004
1514.5040,1.334E-004
1514.5238,1.329E-004
1514.5437,1.322E-004
1514.5635,1.313E-004
1514.5833,1.298E-004
1514.6032,1.288E-004
1514.6230,1.279E-004
1514.6429,1.274E-004
1514.6627,1.275E-004
1514.6825,1.271E-004
1514.7024,1.269E-004
1514.7222,1.257E-004
1514.7421,1.249E-004
1514.7619,1.253E-004
1514.7817,1.241E-004
1514.8016,1.237E-004
1514.8214,1.232E-004
1514.8413,1.229E-004
1514.8611,1.232E-004
1514.8810,1.232E-004
1514.9008,1.216E-004
1514.9206,1.217E-004
1514.9405,1.214E-004
1514.9603,1.209E-004
1514.9802,1.205E-004
1515.0000,1.209E-004
1515.0198,1.203E-004
1515.0397,1.200E-004
1515.0595,1.206E-004
1515.0794,1.215E-004
1515.0992,1.207E-004
1515.1190,1.207E-004
1515.1389,1.214E-004
1515.1587,1.225E-004
1515.1786,1.224E-004
1515.1984,1.233E-004
1515.2183,1.239E-004
1515.2381,1.243E-004
1515.2579,1.248E-004
1515.2778,1.253E-004
1515.2976,1.256E-004
1515.3175,1.265E-004
1515.3373,1.268E-004
1515.3571,1.283E-004
1515.3770,1.279E-004
1515.3968,1.286E-004
1515.4167,1.287E-004
1515.4365,1.313E-004
1515.4563,1.312E-004
1515.4762,1.325E-004
1515.4960,1.343E-004
1515.5159,1.360E-004
1515.5357,1.383E-004
1515.5556,1.393E-004
1515.5754,1.404E-004
1515.5952,1.414E-004
1515.6151,1.430E-004
1515.6349,1.449E-004
1515.6548,1.469E-004
1515.6746,1.485E-004
1515.6944,1.492E-004
1515.7143,1.504E-004
1515.7341,1.512E-004
1515.7540,1.531E-004
1515.7738,1.547E-004
1515.7937,1.570E-004
1515.8135,1.592E-004
1515.8333,1.603E-004
1515.8532,1.626E-004
1515.8730,1.642E-004
1515.8929,1.654E-004
1515.9127,1.681E-004
1515.9325,1.706E-004
1515.9524,1.732E-004
1515.9722,1.740E-004
1515.9921,1.755E-004
1516.0119,1.767E-004
1516.0317,1.771E-004
1516.0516,1.789E-004
1516.0714,1.812E-004
1516.0913,1.829E-004
1516.1111,1.844E-004
1516.1310,1.860E-004
1516.1508,1.872E-004
1516.1706,1.881E-004
1516.1905,1.912E-004
1516.2103,1.929E-004
1516.2302,1.946E-004
1516.2500,1.976E-004
1516.2698,1.988E-004
1516.2897,2.006E-004
1516.3095,2.014E-004
1516.3294,2.032E-004
1516.3492,2.038E-004
1516.3690,2.042E-004
1516.3889,2.048E-004
1516.4087,2.057E-004
1516.4286,2.070E-004
1516.4484,2.069E-004
1516.4683,2.077E-004
1516.4881,2.082E-004
1516.5079,2.086E-004
1516.5278,2.087E-004
1516.5476,2.095E-004
1516.5675,2.098E-004
1516.5873,2.106E-004
1516.6071,2.116E-004
1516.6270,2.113E-004
1516.6468,2.113E-004
1516.6667,2.132E-004
1516.6865,2.124E-004
1516.7063,2.129E-004
1516.7262,2.127E-004
1516.7460,2.124E-004
1516.7659,2.124E-004
1516.7857,2.112E-004
1516.8056,2.107E-004
1516.8254,2.093E-004
1516.8452,2.084E-004
1516.8651,2.056E-004
1516.8849,2.060E-004
1516.9048,2.053E-004
1516.9246,2.040E-004
1516.9444,2.027E-004
1516.9643,2.011E-004
1516.9841,2.009E-004
1517.0040,2.005E-004
1517.0238,2.002E-004
1517.0437,1.994E-004
1517.0635,1.980E-004
1517.0833,1.970E-004
1517.1032,1.956E-004
1517.1230,1.949E-004
1517.1429,1.923E-004
1517.1627,1.917E-004
1517.1825,1.897E-004
1517.2024,1.887E-004
1517.2222,1.861E-004
1517.2421,1.835E-004
1517.2619,1.838E-004
1517.2817,1.831E-004
1517.3016,1.816E-004
1517.3214,1.808E-004
1517.3413,1.790E-004
1517.3611,1.786E-004
1517.3810,1.775E-004
1517.4008,1.760E-004
1517.4206,1.741E-004
1517.4405,1.735E-004
1517.4603,1.727E-004
1517.4802,1.717E-004
1517.5000,1.708E-004
1517.5198,1.697E-004
1517.5397,1.682E-004
1517.5595,1.670E-004
1517.5794,1.652E-004
1517.5992,1.644E-004
1517.6190,1.641E-004
1517.6389,1.630E-004
1517.6587,1.621E-004
1517.6786,1.610E-004
1517.6984,1.604E-004
1517.7183,1.604E-004
1517.7381,1.609E-004
1517.7579,1.597E-004
1517.7778,1.606E-004
1517.7976,1.591E-004
1517.8175,1.598E-004
1517.8373,1.588E-004
1517.8571,1.592E-004
1517.8770,1.584E-004
1517.8968,1.577E-004
1517.9167,1.570E-004
1517.9365,1.563E-004
1517.9563,1.565E-004
1517.9762,1.566E-004
1517.9960,1.570E-004
1518.0159,1.565E-004
1518.0357,1.568E-004
1518.0556,1.574E-004
1518.0754,1.584E-004
1518.0952,1.594E-004
1518.1151,1.597E-004
1518.1349,1.601E-004
1518.1548,1.621E-004
1518.1746,1.637E-004
1518.1944,1.637E-004
1518.2143,1.653E-004
1518.2341,1.660E-004
1518.2540,1.663E-004
1518.2738,1.675E-004
1518.2937,1.687E-004
1518.3135,1.701E-004
1518.3333,1.701E-004
1518.3532,1.711E-004
1518.3730,1.726E-004
1518.3929,1.730E-004
1518.4127,1.743E-004
1518.4325,1.769E-004
1518.4524,1.782E-004
1518.4722,1.799E-004
1518.4921,1.815E-004
1518.5119,1.832E-004
1518.5317,1.856E-004
1518.5516,1.860E-004
1518.5714,1.889E-004
1518.5913,1.904E-004
1518.6111,1.913E-004
1518.6310,1.946E-004
1518.6508,1.967E-004
1518.6706,1.993E-004
1518.6905,2.006E-004
1518.7103,2.027E-004
1518.7302,2.034E-004
1518.7500,2.059E-004
1518.7698,2.084E-004
1518.7897,2.098E-004
1518.8095,2.118E-004
1518.8294,2.135E-004
1518.8492,2.167E-004
1518.8690,2.189E-004
1518.8889,2.213E-004
1518.9087,2.245E-004
1518.9286,2.256E-004
1518.9484,2.278E-004
1518.9683,2.306E-004
1518.9881,2.328E-004
1519.0079,2.358E-004
1519.0278,2.364E-004
1519.0476,2.387E-004
1519.0675,2.402E-004
1519.0873,2.400E-004
1519.1071,2.420E-004
1519.1270,2.436E-004
1519.1468,2.464E-004
1519.1667,2.483E-004
1519.1865,2.506E-004
1519.2063,2.526E-004
1519.2262,2.546E-004
1519.2460,2.572E-004
1519.2659,2.605E-004
1519.2857,2.625E-004
1519.3056,2.645E-004
1519.3254,2.662E-004
1519.3452,2.683E-004
1519.3651,2.689E-004
1519.3849,2.709E-004
1519.4048,2.710E-004
1519.4246,2.706E-004
1519.4444,2.705E-004
1519.4643,2.712E-004
1519.4841,2.715E-004
1519.5040,2.718E-004
1519.5238,2.714E-004
1519.5437,2.720E-004
1519.5635,2.723E-004
1519.5833,2.741E-004
1519.6032,2.743E-004
1519.6230,2.742E-004
1519.6429,2.756E-004
1519.6627,2.769E-004
1519.6825,2.774E-004
1519.7024,2.767E-004
1519.7222,2.767E-004
1519.7421,2.759E-004
1519.7619,2.750E-004
1519.7817,2.737E-004
1519.8016,2.735E-004
1519.8214,2.719E-004
1519.8413,2.709E-004
1519.8611,2.693E-004
1519.8810,2.684E-004
1519.9008,2.667E-004
1519.9206,2.657E-004
1519.9405,2.654E-004
1519.9603,2.639E-004
1519.9802,2.623E-004
1520.0000,2.600E-004
1520.0198,2.587E-004
1520.0397,2.577E-004
1520.0595,2.557E-004
1520.0794,2.545E-004
1520.0992,2.534E-004
1520.1190,2.508E-004
1520.1389,2.490E-004
1520.1587,2.469E-004
1520.1786,2.457E-004
1520.1984,2.432E-004
1520.2183,2.408E-004
1520.2381,2.379E-004
1520.2579,2.373E-004
1520.2778,2.349E-004
1520.2976,2.329E-004
1520.3175,2.312E-004
1520.3373,2.291E-004
1520.3571,2.265E-004
1520.3770,2.262E-004
1520.3968,2.246E-004
1520.4167,2.242E-004
1520.4365,2.232E-004
1520.4563,2.220E-004
1520.4762,2.197E-004
1520.4960,2.183E-004
1520.5159,2.162E-004
1520.5357,2.151E-004
1520.5556,2.136E-004
1520.5754,2.118E-004
1520.5952,2.104E-004
1520.6151,2.085E-004
1520.6349,2.067E-004
1520.6548,2.057E-004
1520.6746,2.043E-004
1520.6944,2.039E-004
1520.7143,2.033E-004
1520.7341,2.028E-004
1520.7540,2.040E-004
1520.7738,2.026E-004
1520.7937,2.029E-004
1520.8135,2.027E-004
1520.8333,2.034E-004
1520.8532,2.031E-004
1520.8730,2.028E-004
1520.8929,2.027E-004
1520.9127,2.034E-004
1520.9325,2.039E-004
1520.9524,2.026E-004
1520.9722,2.030E-004
1520.9921,2.025E-004
1521.0119,2.025E-004
1521.0317,2.024E-004
1521.0516,2.033E-004
1521.0714,2.053E-004
1521.0913,2.058E-004
1521.1111,2.079E-004
1521.1310,2.083E-004
1521.1508,2.101E-004
1521.1706,2.115E-004
1521.1905,2.130E-004
1521.2103,2.138E-004
1521.2302,2.165E-004
1521.2500,2.182E-004
1521.2698,2.199E-004
1521.2897,2.204E-004
1521.3095,2.221E-004
1521.3294,2.234E-004
1521.3492,2.249E-004
1521.3690,2.263E-004
1521.3889,2.283E-004
1521.4087,2.308E-004
1521.4286,2.324E-004
1521.4484,2.337E-004
1521.4683,2.366E-004
1521.4881,2.371E-004
1521.5079,2.416E-004
1521.5278,2.430E-004
1521.5476,2.470E-004
1521.5675,2.507E-004
1521.5873,2.526E-004
1521.6071,2.548E-004
1521.6270,2.564E-004
1521.6468,2.582E-004
1521.6667,2.606E-004
1521.6865,2.638E-004
1521.7063,2.664E-004
1521.7262,2.683E-004
1521.7460,2.690E-004
1521.7659,2.716E-004
1521.7857,2.727E-004
1521.8056,2.757E-004
1521.8254,2.790E-004
1521.8452,2.821E-004
1521.8651,2.841E-004
1521.8849,2.869E-004
1521.9048,2.899E-004
1521.9246,2.935E-004
1521.9444,2.971E-004
1521.9643,3.006E-004
1521.9841,3.022E-004
1522.0040,3.044E-004
1522.0238,3.074E-004
1522.0437,3.093E-004
1522.0635,3.107E-004
1522.0833,3.123E-004
1522.1032,3.151E-004
1522.1230,3.163E-004
1522.1429,3.177E-004
1522.1627,3.191E-004
1522.1825,3.220E-004
1522.2024,3.237E-004
1522.2222,3.248E-004
1522.2421,3.269E-004
1522.2619,3.292E-004
1522.2817,3.320E-004
1522.3016,3.350E-004
1522.3214,3.362E-004
1522.3413,3.387E-004
1522.3611,3.397E-004
1522.3810,3.404E-004
1522.4008,3.419E-004
1522.4206,3.432E-004
1522.4405,3.439E-004
1522.4603,3.448E-004
1522.4802,3.458E-004
1522.5000,3.452E-004
1522.5198,3.460E-004
1522.5397,3.452E-004
1522.5595,3.460E-004
1522.5794,3.456E-004
1522.5992,3.464E-004
1522.6190,3.467E-004
1522.6389,3.462E-004
1522.6587,3.471E-004
1522.6786,3.463E-004
1522.6984,3.470E-004
1522.7183,3.454E-004
1522.7381,3.463E-004
1522.7579,3.453E-004
1522.7778,3.444E-004
1522.7976,3.418E-004
1522.8175,3.407E-004
1522.8373,3.389E-004
1522.8571,3.373E-004
1522.8770,3.350E-004
1522.8968,3.320E-004
1522.9167,3.293E-004
1522.9365,3.282E-004
1522.9563,3.268E-004
1522.9762,3.263E-004
1522.9960,3.240E-004
1523.0159,3.216E-004
1523.0357,3.192E-004
1523.0556,3.180E-004
1523.0754,3.177E-004
1523.0952,3.147E-004
1523.1151,3.128E-004
1523.1349,3.106E-004
1523.1548,3.064E-004
1523.1746,3.044E-004
1523.1944,3.005E-004
1523.2143,2.963E-004
1523.2341,2.945E-004
1523.2540,2.918E-004
1523.2738,2.884E-004
1523.2937,2.865E-004
1523.3135,2.837E-004
1523.3333,2.820E-004
1523.3532,2.797E-004
1523.3730,2.788E-004
1523.3929,2.753E-004
1523.4127,2.746E-004
1523.4325,2.729E-004
1523.4524,2.719E-004
1523.4722,2.701E-004
1523.4921,2.678E-004
1523.5119,2.663E-004
1523.5317,2.636E-004
1523.5516,2.620E-004
1523.5714,2.606E-004
1523.5913,2.582E-004
1523.6111,2.571E-004
1523.6310,2.554E-004
1523.6508,2.535E-004
1523.6706,2.528E-004
1523.6905,2.524E-004
1523.7103,2.512E-004
1523.7302,2.515E-004
1523.7500,2.503E-004
1523.7698,2.491E-004
1523.7897,2.494E-004
1523.8095,2.493E-004
1523.8294,2.481E-004
1523.8492,2.489E-004
1523.8690,2.487E-004
1523.8889,2.476E-004
1523.9087,2.482E-004
1523.9286,2.474E-004
1523.9484,2.473E-004
1523.9683,2.483E-004
1523.9881,2.490E-004
1524.0079,2.501E-004
1524.0278,2.505E-004
1524.0476,2.525E-004
1524.0675,2.539E-004
1524.0873,2.561E-004
1524.1071,2.582E-004
1524.1270,2.590E-004
1524.1468,2.606E-004
1524.1667,2.623E-004
1524.1865,2.627E-004
1524.2063,2.643E-004
1524.2262,2.660E-004
1524.2460,2.671E-004
1524.2659,2.703E-004
1524.2857,2.728E-004
1524.3056,2.752E-004
1524.3254,2.772E-004
1524.3452,2.786E-004
1524.3651,2.817E-004
1524.3849,2.841E-004
1524.4048,2.850E-004
1524.4246,2.887E-004
1524.4444,2.911E-004
1524.4643,2.930E-004
1524.4841,2.964E-004
1524.5040,2.979E-004
1524.5238,2.994E-004
1524.5437,3.031E-004
1524.5635,3.072E-004
1524.5833,3.113E-004
1524.6032,3.150E-004
1524.6230,3.179E-004
1524.6429,3.196E-004
1524.6627,3.231E-004
1524.6825,3.256E-004
1524.7024,3.301E-004
1524.7222,3.333E-004
1524.7421,3.347E-004
1524.7619,3.365E-004
1524.7817,3.390E-004
1524.8016,3.413E-004
1524.8214,3.447E-004
1524.8413,3.478E-004
1524.8611,3.507E-004
1524.8810,3.537E-004
1524.9008,3.566E-004
1524.9206,3.589E-004
1524.9405,3.635E-004
1524.9603,3.660E-004
1524.9802,3.695E-004
1525.0000,3.718E-004
1525.0198,3.740E-004
1525.0397,3.774E-004
1525.0595,3.805E-004
1525.0794,3.815E-004
1525.0992,3.838E-004
1525.1190,3.855E-004
1525.1389,3.892E-004
1525.1587,3.919E-004
1525.1786,3.946E-004
1525.1984,3.959E-004
1525.2183,4.001E-004
1525.2381,4.007E-004
1525.2579,4.030E-004
1525.2778,4.061E-004
1525.2976,4.082E-004
1525.3175,4.107E-004
1525.3373,4.104E-004
1525.3571,4.120E-004
1525.3770,4.142E-004
1525.3968,4.146E-004
1525.4167,4.155E-004
1525.4365,4.167E-004
1525.4563,4.168E-004
1525.4762,4.153E-004
1525.4960,4.162E-004
1525.5159,4.166E-004
1525.5357,4.155E-004
1525.5556,4.158E-004
1525.5754,4.169E-004
1525.5952,4.170E-004
1525.6151,4.179E-004
1525.6349,4.174E-004
1525.6548,4.175E-004
1525.6746,4.173E-004
1525.6944,4.189E-004
1525.7143,4.167E-004
1525.7341,4.160E-004
1525.7540,4.132E-004
1525.7738,4.105E-004
1525.7937,4.088E-004
1525.8135,4.070E-004
1525.8333,4.047E-004
1525.8532,4.014E-004
1525.8730,3.989E-004
1525.8929,3.959E-004
1525.9127,3.933E-004
1525.9325,3.925E-004
1525.9524,3.899E-004
1525.9722,3.881E-004
1525.9921,3.840E-004
1526.0119,3.826E-004
1526.0317,3.800E-004
1526.0516,3.773E-004
1526.0714,3.754E-004
1526.0913,3.715E-004
1526.1111,3.674E-004
1526.1310,3.645E-004
1526.1508,3.606E-004
1526.1706,3.592E-004
1526.1905,3.560E-004
1526.2103,3.520E-004
1526.2302,3.483E-004
1526.2500,3.456E-004
1526.2698,3.421E-004
1526.2897,3.393E-004
1526.3095,3.363E-004
1526.3294,3.327E-004
1526.3492,3.298E-004
1526.3690,3.276E-004
1526.3889,3.240E-004
1526.4087,3.223E-004
1526.4286,3.194E-004
1526.4484,3.184E-004
1526.4683,3.166E-004
1526.4881,3.143E-004
1526.5079,3.127E-004
1526.5278,3.113E-004
1526.5476,3.099E-004
1526.5675,3.077E-004
1526.5873,3.046E-004
1526.6071,3.016E-004
1526.6270,3.007E-004
1526.6468,2.983E-004
1526.6667,2.967E-004
1526.6865,2.951E-004
1526.7063,2.943E-004
1526.7262,2.961E-004
1526.7460,2.956E-004
1526.7659,2.952E-004
1526.7857,2.948E-004
1526.8056,2.947E-004
1526.8254,2.957E-004
1526.8452,2.953E-004
1526.8651,2.950E-004
1526.8849,2.953E-004
1526.9048,2.951E-004
1526.9246,2.944E-004
1526.9444,2.944E-004
1526.9643,2.948E-004
1526.9841,2.949E-004
1527.0040,2.960E-004
1527.0238,2.962E-004
1527.0437,2.984E-004
1527.0635,2.999E-004
1527.0833,3.022E-004
1527.1032,3.039E-004
1527.1230,3.062E-004
1527.1429,3.090E-004
1527.1627,3.113E-004
1527.1825,3.134E-004
1527.2024,3.160E-004
1527.2222,3.192E-004
1527.2421,3.219E-004
1527.2619,3.246E-004
1527.2817,3.260E-004
1527.3016,3.278E-004
1527.3214,3.306E-004
1527.3413,3.325E-004
1527.3611,3.345E-004
1527.3810,3.373E-004
1527.4008,3.400E-004
1527.4206,3.421E-004
1527.4405,3.442E-004
1527.4603,3.467E-004
1527.4802,3.500E-004
1527.5000,3.531E-004
1527.5198,3.580E-004
1527.5397,3.612E-004
1527.5595,3.649E-004
1527.5794,3.699E-004
1527.5992,3.727E-004
1527.6190,3.766E-004
1527.6389,3.813E-004
1527.6587,3.836E-004
1527.6786,3.871E-004
1527.6984,3.884E-004
1527.7183,3.907E-004
1527.7381,3.936E-004
1527.7579,3.961E-004
1527.7778,3.998E-004
1527.7976,4.029E-004
1527.8175,4.071E-004
1527.8373,4.112E-004
1527.8571,4.151E-004
1527.8770,4.207E-004
1527.8968,4.252E-004
1527.9167,4.280E-004
1527.9365,4.312E-004
1527.9563,4.336E-004
1527.9762,4.375E-004
1527.9960,4.413E-004
1528.0159,4.429E-004
1528.0357,4.441E-004
1528.0556,4.474E-004
1528.0754,4.498E-004
1528.0952,4.531E-004
1528.1151,4.570E-004
1528.1349,4.586E-004
1528.1548,4.617E-004
1528.1746,4.638E-004
1528.1944,4.655E-004
1528.2143,4.677E-004
1528.2341,4.702E-004
1528.2540,4.728E-004
1528.2738,4.749E-004
1528.2937,4.786E-004
1528.3135,4.809E-004
1528.3333,4.830E-004
1528.3532,4.853E-004
1528.3730,4.871E-004
1528.3929,4.902E-004
1528.4127,4.900E-004
1528.4325,4.919E-004
1528.4524,4.915E-004
1528.4722,4.909E-004
1528.4921,4.908E-004
1528.5119,4.884E-004
1528.5317,4.873E-004
1528.5516,4.873E-004
1528.5714,4.846E-004
1528.5913,4.846E-004
1528.6111,4.851E-004
1528.6310,4.860E-004
1528.6508,4.850E-004
1528.6706,4.862E-004
1528.6905,4.859E-004
1528.7103,4.864E-004
1528.7302,4.841E-004
1528.7500,4.829E-004
1528.7698,4.800E-004
1528.7897,4.776E-004
1528.8095,4.738E-004
1528.8294,4.704E-004
1528.8492,4.664E-004
1528.8690,4.628E-004
1528.8889,4.590E-004
1528.9087,4.547E-004
1528.9286,4.517E-004
1528.9484,4.480E-004
1528.9683,4.461E-004
1528.9881,4.442E-004
1529.0079,4.408E-004
1529.0278,4.374E-004
1529.0476,4.346E-004
1529.0675,4.314E-004
1529.0873,4.292E-004
1529.1071,4.277E-004
1529.1270,4.235E-004
1529.1468,4.196E-004
1529.1667,4.141E-004
1529.1865,4.100E-004
1529.2063,4.079E-004
1529.2262,4.025E-004
1529.2460,3.977E-004
1529.2659,3.920E-004
1529.2857,3.873E-004
1529.3056,3.838E-004
1529.3254,3.805E-004
1529.3452,3.780E-004
1529.3651,3.743E-004
1529.3849,3.721E-004
1529.4048,3.710E-004
1529.4246,3.699E-004
1529.4444,3.680E-004
1529.4643,3.664E-004
1529.4841,3.642E-004
1529.5040,3.610E-004
1529.5238,3.575E-004
1529.5437,3.551E-004
1529.5635,3.533E-004
1529.5833,3.502E-004
1529.6032,3.479E-004
1529.6230,3.457E-004
1529.6429,3.436E-004
1529.6627,3.411E-004
1529.6825,3.407E-004
1529.7024,3.384E-004
1529.7222,3.380E-004
1529.7421,3.379E-004
1529.7619,3.378E-004
1529.7817,3.387E-004
1529.8016,3.391E-004
1529.8214,3.384E-004
1529.8413,3.396E-004
1529.8611,3.387E-004
1529.8810,3.389E-004
1529.9008,3.390E-004
1529.9206,3.396E-004
1529.9405,3.396E-004
1529.9603,3.411E-004
1529.9802,3.409E-004
1530.0000,3.424E-004
1530.0198,3.424E-004
1530.0397,3.435E-004
1530.0595,3.447E-004
1530.0794,3.457E-004
1530.0992,3.482E-004
1530.1190,3.502E-004
1530.1389,3.537E-004
1530.1587,3.559E-004
1530.1786,3.587E-004
1530.1984,3.632E-004
1530.2183,3.666E-004
1530.2381,3.707E-004
1530.2579,3.735E-004
1530.2778,3.771E-004
1530.2976,3.799E-004
1530.3175,3.829E-004
1530.3373,3.855E-004
1530.3571,3.876E-004
1530.3770,3.897E-004
1530.3968,3.908E-004
1530.4167,3.922E-004
1530.4365,3.973E-004
1530.4563,4.009E-004
1530.4762,4.035E-004
1530.4960,4.084E-004
1530.5159,4.115E-004
1530.5357,4.176E-004
1530.5556,4.231E-004
1530.5754,4.295E-004
1530.5952,4.332E-004
1530.6151,4.375E-004
1530.6349,4.396E-004
1530.6548,4.437E-004
1530.6746,4.476E-004
1530.6944,4.510E-004
1530.7143,4.539E-004
1530.7341,4.560E-004
1530.7540,4.589E-004
1530.7738,4.617E-004
1530.7937,4.648E-004
1530.8135,4.680E-004
1530.8333,4.723E-004
1530.8532,4.761E-004
1530.8730,4.810E-004
1530.8929,4.858E-004
1530.9127,4.917E-004
1530.9325,4.962E-004
1530.9524,4.995E-004
1530.9722,5.022E-004
1530.9921,5.075E-004
1531.0119,5.117E-004
1531.0317,5.152E-004
1531.0516,5.182E-004
1531.0714,5.204E-004
1531.0913,5.224E-004
1531.1111,5.253E-004
1531.1310,5.280E-004
1531.1508,5.300E-004
1531.1706,5.316E-004
1531.1905,5.316E-004
1531.2103,5.329E-004
1531.2302,5.332E-004
1531.2500,5.361E-004
1531.2698,5.391E-004
1531.2897,5.435E-004
1531.3095,5.452E-004
1531.3294,5.488E-004
1531.3492,5.518E-004
1531.3690,5.540E-004
1531.3889,5.569E-004
1531.4087,5.588E-004
1531.4286,5.596E-004
1531.4484,5.595E-004
1531.4683,5.591E-004
1531.4881,5.584E-004
1531.5079,5.560E-004
1531.5278,5.540E-004
1531.5476,5.525E-004
1531.5675,5.525E-004
1531.5873,5.496E-004
1531.6071,5.493E-004
1531.6270,5.510E-004
1531.6468,5.512E-004
1531.6667,5.521E-004
1531.6865,5.519E-004
1531.7063,5.519E-004
1531.7262,5.503E-004
1531.7460,5.484E-004
1531.7659,5.459E-004
1531.7857,5.426E-004
1531.8056,5.400E-004
1531.8254,5.363E-004
1531.8452,5.316E-004
1531.8651,5.282E-004
1531.8849,5.237E-004
1531.9048,5.208E-004
1531.9246,5.183E-004
1531.9444,5.154E-004
1531.9643,5.113E-004
1531.9841,5.066E-004
1532.0040,5.013E-004
1532.0238,5.001E-004
1532.0437,4.967E-004
1532.0635,4.931E-004
1532.0833,4.903E-004
1532.1032,4.872E-004
1532.1230,4.847E-004
1532.1429,4.816E-004
1532.1627,4.790E-004
1532.1825,4.735E-004
1532.2024,4.690E-004
1532.2222,4.633E-004
1532.2421,4.596E-004
1532.2619,4.558E-004
1532.2817,4.501E-004
1532.3016,4.443E-004
1532.3214,4.371E-004
1532.3413,4.304E-004
1532.3611,4.263E-004
1532.3810,4.226E-004
1532.4008,4.216E-004
1532.4206,4.178E-004
1532.4405,4.142E-004
1532.4603,4.124E-004
1532.4802,4.103E-004
1532.5000,4.089E-004
1532.5198,4.068E-004
1532.5397,4.034E-004
1532.5595,4.011E-004
1532.5794,3.988E-004
1532.5992,3.949E-004
1532.6190,3.936E-004
1532.6389,3.908E-004
1532.6587,3.868E-004
1532.6786,3.835E-004
1532.6984,3.813E-004
1532.7183,3.806E-004
1532.7381,3.788E-004
1532.7579,3.782E-004
1532.7778,3.781E-004
1532.7976,3.775E-004
1532.8175,3.777E-004
1532.8373,3.788E-004
1532.8571,3.788E-004
1532.8770,3.794E-004
1532.8968,3.795E-004
1532.9167,3.797E-004
1532.9365,3.811E-004
1532.9563,3.803E-004
1532.9762,3.821E-004
1532.9960,3.824E-004
1533.0159,3.836E-004
1533.0357,3.856E-004
1533.0556,3.868E-004
1533.0754,3.891E-004
1533.0952,3.915E-004
1533.1151,3.937E-004
1533.1349,3.960E-004
1533.1548,3.988E-004
1533.1746,4.012E-004
1533.1944,4.042E-004
1533.2143,4.069E-004
1533.2341,4.125E-004
1533.2540,4.173E-004
1533.2738,4.217E-004
1533.2937,4.252E-004
1533.3135,4.288E-004
1533.3333,4.321E-004
1533.3532,4.357E-004
1533.3730,4.407E-004
1533.3929,4.456E-004
1533.4127,4.483E-004
1533.4325,4.499E-004
1533.4524,4.528E-004
1533.4722,4.556E-004
1533.4921,4.599E-004
1533.5119,4.652E-004
1533.5317,4.704E-004
1533.5516,4.766E-004
1533.5714,4.825E-004
1533.5913,4.892E-004
1533.6111,4.963E-004
1533.6310,5.027E-004
1533.6508,5.075E-004
1533.6706,5.114E-004
1533.6905,5.155E-004
1533.7103,5.182E-004
1533.7302,5.229E-004
1533.7500,5.269E-004
1533.7698,5.289E-004
1533.7897,5.324E-004
1533.8095,5.352E-004
1533.8294,5.373E-004
1533.8492,5.442E-004
1533.8690,5.490E-004
1533.8889,5.528E-004
1533.9087,5.572E-004
1533.9286,5.612E-004
1533.9484,5.673E-004
1533.9683,5.726E-004
1533.9881,5.752E-004
1534.0079,5.771E-004
1534.0278,5.797E-004
1534.0476,5.823E-004
1534.0675,5.846E-004
1534.0873,5.875E-004
1534.1071,5.913E-004
1534.1270,5.943E-004
1534.1468,5.968E-004
1534.1667,5.981E-004
1534.1865,6.011E-004
1534.2063,6.031E-004
1534.2262,6.057E-004
1534.2460,6.078E-004
1534.2659,6.096E-004
1534.2857,6.098E-004
1534.3056,6.095E-004
1534.3254,6.114E-004
1534.3452,6.125E-004
1534.3651,6.131E-004
1534.3849,6.151E-004
1534.4048,6.168E-004
1534.4246,6.173E-004
1534.4444,6.191E-004
1534.4643,6.193E-004
1534.4841,6.210E-004
1534.5040,6.203E-004
1534.5238,6.197E-004
1534.5437,6.191E-004
1534.5635,6.174E-004
1534.5833,6.145E-004
1534.6032,6.140E-004
1534.6230,6.118E-004
1534.6429,6.106E-004
1534.6627,6.086E-004
1534.6825,6.070E-004
1534.7024,6.057E-004
1534.7222,6.045E-004
1534.7421,6.059E-004
1534.7619,6.052E-004
1534.7817,6.026E-004
1534.8016,5.996E-004
1534.8214,5.974E-004
1534.8413,5.950E-004
1534.8611,5.905E-004
1534.8810,5.865E-004
1534.9008,5.849E-004
1534.9206,5.806E-004
1534.9405,5.766E-004
1534.9603,5.733E-004
1534.9802,5.678E-004
1535.0000,5.625E-004
1535.0198,5.589E-004
1535.0397,5.556E-004
1535.0595,5.515E-004
1535.0794,5.479E-004
1535.0992,5.433E-004
1535.1190,5.395E-004
1535.1389,5.349E-004
1535.1587,5.314E-004
1535.1786,5.274E-004
1535.1984,5.224E-004
1535.2183,5.188E-004
1535.2381,5.149E-004
1535.2579,5.089E-004
1535.2778,5.032E-004
1535.2976,4.981E-004
1535.3175,4.943E-004
1535.3373,4.878E-004
1535.3571,4.832E-004
1535.3770,4.784E-004
1535.3968,4.725E-004
1535.4167,4.683E-004
1535.4365,4.631E-004
1535.4563,4.596E-004
1535.4762,4.555E-004
1535.4960,4.519E-004
1535.5159,4.506E-004
1535.5357,4.467E-004
1535.5556,4.445E-004
1535.5754,4.423E-004
1535.5952,4.395E-004
1535.6151,4.354E-004
1535.6349,4.321E-004
1535.6548,4.290E-004
1535.6746,4.265E-004
1535.6944,4.229E-004
1535.7143,4.199E-004
1535.7341,4.183E-004
1535.7540,4.149E-004
1535.7738,4.148E-004
1535.7937,4.139E-004
1535.8135,4.127E-004
1535.8333,4.129E-004
1535.8532,4.133E-004
1535.8730,4.136E-004
1535.8929,4.150E-004
1535.9127,4.161E-004
1535.9325,4.173E-004
1535.9524,4.192E-004
1535.9722,4.196E-004
1535.9921,4.207E-004
1536.0119,4.212E-004
1536.0317,4.220E-004
1536.0516,4.221E-004
1536.0714,4.240E-004
1536.0913,4.261E-004
1536.1111,4.282E-004
1536.1310,4.306E-004
1536.1508,4.335E-004
1536.1706,4.354E-004
1536.1905,4.393E-004
1536.2103,4.427E-004
1536.2302,4.486E-004
1536.2500,4.521E-004
1536.2698,4.571E-004
1536.2897,4.623E-004
1536.3095,4.657E-004
1536.3294,4.698E-004
1536.3492,4.743E-004
1536.3690,4.783E-004
1536.3889,4.852E-004
1536.4087,4.879E-004
1536.4286,4.927E-004
1536.4484,4.959E-004
1536.4683,4.998E-004
1536.4881,5.058E-004
1536.5079,5.130E-004
1536.5278,5.188E-004
1536.5476,5.225E-004
1536.5675,5.283E-004
1536.5873,5.323E-004
1536.6071,5.376E-004
1536.6270,5.426E-004
1536.6468,5.462E-004
1536.6667,5.519E-004
1536.6865,5.581E-004
1536.7063,5.629E-004
1536.7262,5.676E-004
1536.7460,5.715E-004
1536.7659,5.765E-004
1536.7857,5.811E-004
1536.8056,5.870E-004
1536.8254,5.924E-004
1536.8452,5.971E-004
1536.8651,6.016E-004
1536.8849,6.030E-004
1536.9048,6.061E-004
1536.9246,6.092E-004
1536.9444,6.121E-004
1536.9643,6.153E-004
1536.9841,6.202E-004
1537.0040,6.224E-004
1537.0238,6.254E-004
1537.0437,6.288E-004
1537.0635,6.341E-004
1537.0833,6.375E-004
1537.1032,6.410E-004
1537.1230,6.455E-004
1537.1429,6.493E-004
1537.1627,6.520E-004
1537.1825,6.552E-004
1537.2024,6.553E-004
1537.2222,6.580E-004
1537.2421,6.573E-004
1537.2619,6.576E-004
1537.2817,6.566E-004
1537.3016,6.546E-004
1537.3214,6.558E-004
1537.3413,6.566E-004
1537.3611,6.574E-004
1537.3810,6.594E-004
1537.4008,6.621E-004
1537.4206,6.635E-004
1537.4405,6.666E-004
1537.4603,6.685E-004
1537.4802,6.688E-004
1537.5000,6.708E-004
1537.5198,6.696E-004
1537.5397,6.701E-004
1537.5595,6.693E-004
1537.5794,6.674E-004
1537.5992,6.658E-004
1537.6190,6.635E-004
1537.6389,6.592E-004
1537.6587,6.567E-004
1537.6786,6.522E-004
1537.6984,6.501E-004
1537.7183,6.486E-004
1537.7381,6.474E-004
1537.7579,6.451E-004
1537.7778,6.423E-004
1537.7976,6.402E-004
1537.8175,6.391E-004
1537.8373,6.378E-004
1537.8571,6.342E-004
1537.8770,6.314E-004
1537.8968,6.284E-004
1537.9167,6.260E-004
1537.9365,6.211E-004
1537.9563,6.175E-004
1537.9762,6.116E-004
1537.9960,6.047E-004
1538.0159,5.999E-004
1538.0357,5.965E-004
1538.0556,5.903E-004
1538.0754,5.872E-004
1538.0952,5.812E-004
1538.1151,5.760E-004
1538.1349,5.709E-004
1538.1548,5.674E-004
1538.1746,5.635E-004
1538.1944,5.593E-004
1538.2143,5.520E-004
1538.2341,5.463E-004
1538.2540,5.415E-004
1538.2738,5.367E-004
1538.2937,5.328E-004
1538.3135,5.264E-004
1538.3333,5.180E-004
1538.3532,5.122E-004
1538.3730,5.066E-004
1538.3929,5.023E-004
1538.4127,4.993E-004
1538.4325,4.956E-004
1538.4524,4.904E-004
1538.4722,4.880E-004
1538.4921,4.846E-004
1538.5119,4.800E-004
1538.5317,4.750E-004
1538.5516,4.688E-004
1538.5714,4.657E-004
1538.5913,4.618E-004
1538.6111,4.575E-004
1538.6310,4.551E-004
1538.6508,4.521E-004
1538.6706,4.505E-004
1538.6905,4.486E-004
1538.7103,4.482E-004
1538.7302,4.471E-004
1538.7500,4.458E-004
1538.7698,4.457E-004
1538.7897,4.425E-004
1538.8095,4.398E-004
1538.8294,4.368E-004
1538.8492,4.352E-004
1538.8690,4.344E-004
1538.8889,4.327E-004
1538.9087,4.332E-004
1538.9286,4.329E-004
1538.9484,4.348E-004
1538.9683,4.382E-004
1538.9881,4.414E-004
1539.0079,4.447E-004
1539.0278,4.472E-004
1539.0476,4.512E-004
1539.0675,4.526E-004
1539.0873,4.538E-004
1539.1071,4.528E-004
1539.1270,4.540E-004
1539.1468,4.542E-004
1539.1667,4.561E-004
1539.1865,4.588E-004
1539.2063,4.611E-004
1539.2262,4.657E-004
1539.2460,4.692E-004
1539.2659,4.747E-004
1539.2857,4.813E-004
1539.3056,4.865E-004
1539.3254,4.906E-004
1539.3452,4.969E-004
1539.3651,5.014E-004
1539.3849,5.074E-004
1539.4048,5.103E-004
1539.4246,5.148E-004
1539.4444,5.155E-004
1539.4643,5.208E-004
1539.4841,5.251E-004
1539.5040,5.303E-004
1539.5238,5.353E-004
1539.5437,5.404E-004
1539.5635,5.466E-004
1539.5833,5.523E-004
1539.6032,5.574E-004
1539.6230,5.626E-004
1539.6429,5.674E-004
1539.6627,5.704E-004
1539.6825,5.735E-004
1539.7024,5.769E-004
1539.7222,5.825E-004
1539.7421,5.881E-004
1539.7619,5.944E-004
1539.7817,5.984E-004
1539.8016,6.023E-004
1539.8214,6.085E-004
1539.8413,6.144E-004
1539.8611,6.199E-004
1539.8810,6.244E-004
1539.9008,6.288E-004
1539.9206,6.329E-004
1539.9405,6.364E-004
1539.9603,6.389E-004
1539.9802,6.401E-004
1540.0000,6.413E-004
1540.0198,6.418E-004
1540.0397,6.435E-004
1540.0595,6.472E-004
1540.0794,6.506E-004
1540.0992,6.565E-004
1540.1190,6.609E-004
1540.1389,6.645E-004
1540.1587,6.696E-004
1540.1786,6.740E-004
1540.1984,6.779E-004
1540.2183,6.812E-004
1540.2381,6.836E-004
1540.2579,6.846E-004
1540.2778,6.850E-004
1540.2976,6.845E-004
1540.3175,6.851E-004
1540.3373,6.829E-004
1540.3571,6.837E-004
1540.3770,6.842E-004
1540.3968,6.852E-004
1540.4167,6.860E-004
1540.4365,6.881E-004
1540.4563,6.907E-004
1540.4762,6.952E-004
1540.4960,6.984E-004
1540.5159,6.991E-004
1540.5357,7.005E-004
1540.5556,6.989E-004
1540.5754,6.980E-004
1540.5952,6.973E-004
1540.6151,6.946E-004
1540.6349,6.918E-004
1540.6548,6.870E-004
1540.6746,6.844E-004
1540.6944,6.820E-004
1540.7143,6.790E-004
1540.7341,6.763E-004
1540.7540,6.729E-004
1540.7738,6.711E-004
1540.7937,6.684E-004
1540.8135,6.679E-004
1540.8333,6.670E-004
1540.8532,6.645E-004
1540.8730,6.625E-004
1540.8929,6.594E-004
1540.9127,6.549E-004
1540.9325,6.498E-004
1540.9524,6.448E-004
1540.9722,6.400E-004
1540.9921,6.333E-004
1541.0119,6.291E-004
1541.0317,6.247E-004
1541.0516,6.187E-004
1541.0714,6.131E-004
1541.0913,6.083E-004
1541.1111,6.021E-004
1541.1310,5.960E-004
1541.1508,5.894E-004
1541.1706,5.852E-004
1541.1905,5.800E-004
1541.2103,5.766E-004
1541.2302,5.719E-004
1541.2500,5.670E-004
1541.2698,5.614E-004
1541.2897,5.557E-004
1541.3095,5.509E-004
1541.3294,5.467E-004
1541.3492,5.433E-004
1541.3690,5.366E-004
1541.3889,5.303E-004
1541.4087,5.216E-004
1541.4286,5.147E-004
1541.4484,5.091E-004
1541.4683,5.044E-004
1541.4881,5.004E-004
1541.5079,4.963E-004
1541.5278,4.921E-004
1541.5476,4.873E-004
1541.5675,4.845E-004
1541.5873,4.825E-004
1541.6071,4.796E-004
1541.6270,4.750E-004
1541.6468,4.714E-004
1541.6667,4.685E-004
1541.6865,4.647E-004
1541.7063,4.627E-004
1541.7262,4.605E-004
1541.7460,4.587E-004
1541.7659,4.583E-004
1541.7857,4.560E-004
1541.8056,4.567E-004
1541.8254,4.539E-004
1541.8452,4.539E-004
1541.8651,4.519E-004
1541.8849,4.513E-004
1541.9048,4.497E-004
1541.9246,4.480E-004
1541.9444,4.476E-004
1541.9643,4.483E-004
1541.9841,4.497E-004
1542.0040,4.496E-004
1542.0238,4.526E-004
1542.0437,4.543E-004
1542.0635,4.564E-004
1542.0833,4.589E-004
1542.1032,4.622E-004
1542.1230,4.655E-004
1542.1429,4.682E-004
1542.1627,4.699E-004
1542.1825,4.716E-004
1542.2024,4.746E-004
1542.2222,4.751E-004
1542.2421,4.777E-004
1542.2619,4.823E-004
1542.2817,4.855E-004
1542.3016,4.902E-004
1542.3214,4.938E-004
1542.3413,4.982E-004
1542.3611,5.043E-004
1542.3810,5.103E-004
1542.4008,5.164E-004
1542.4206,5.219E-004
1542.4405,5.260E-004
1542.4603,5.296E-004
1542.4802,5.345E-004
1542.5000,5.393E-004
1542.5198,5.448E-004
1542.5397,5.482E-004
1542.5595,5.538E-004
1542.5794,5.577E-004
1542.5992,5.622E-004
1542.6190,5.660E-004
1542.6389,5.686E-004
1542.6587,5.735E-004
1542.6786,5.789E-004
1542.6984,5.859E-004
1542.7183,5.921E-004
1542.7381,5.959E-004
1542.7579,5.996E-004
1542.7778,6.045E-004
1542.7976,6.107E-004
1542.8175,6.175E-004
1542.8373,6.240E-004
1542.8571,6.303E-004
1542.8770,6.344E-004
1542.8968,6.389E-004
1542.9167,6.417E-004
1542.9365,6.480E-004
1542.9563,6.513E-004
1542.9762,6.548E-004
1542.9960,6.568E-004
1543.0159,6.581E-004
1543.0357,6.601E-004
1543.0556,6.618E-004
1543.0754,6.634E-004
1543.0952,6.674E-004
1543.1151,6.691E-004
1543.1349,6.721E-004
1543.1548,6.774E-004
1543.1746,6.822E-004
1543.1944,6.876E-004
1543.2143,6.927E-004
1543.2341,6.962E-004
1543.2540,6.997E-004
1543.2738,7.022E-004
1543.2937,7.036E-004
1543.3135,7.035E-004
1543.3333,7.009E-004
1543.3532,7.016E-004
1543.3730,7.001E-004
1543.3929,7.006E-004
1543.4127,7.009E-004
1543.4325,7.005E-004
1543.4524,7.003E-004
1543.4722,7.018E-004
1543.4921,7.022E-004
1543.5119,7.038E-004
1543.5317,7.043E-004
1543.5516,7.033E-004
1543.5714,7.037E-004
1543.5913,7.022E-004
1543.6111,7.002E-004
1543.6310,6.997E-004
1543.6508,6.997E-004
1543.6706,6.971E-004
1543.6905,6.963E-004
1543.7103,6.959E-004
1543.7302,6.945E-004
1543.7500,6.910E-004
1543.7698,6.890E-004
1543.7897,6.843E-004
1543.8095,6.809E-004
1543.8294,6.750E-004
1543.8492,6.694E-004
1543.8690,6.641E-004
1543.8889,6.593E-004
1543.9087,6.562E-004
1543.9286,6.538E-004
1543.9484,6.523E-004
1543.9683,6.503E-004
1543.9881,6.487E-004
1544.0079,6.463E-004
1544.0278,6.433E-004
1544.0476,6.416E-004
1544.0675,6.370E-004
1544.0873,6.303E-004
1544.1071,6.222E-004
1544.1270,6.140E-004
1544.1468,6.065E-004
1544.1667,5.987E-004
1544.1865,5.921E-004
1544.2063,5.865E-004
1544.2262,5.812E-004
1544.2460,5.771E-004
1544.2659,5.739E-004
1544.2857,5.725E-004
1544.3056,5.692E-004
1544.3254,5.672E-004
1544.3452,5.619E-004
1544.3651,5.580E-004
1544.3849,5.518E-004
1544.4048,5.452E-004
1544.4246,5.395E-004
1544.4444,5.329E-004
1544.4643,5.267E-004
1544.4841,5.203E-004
1544.5040,5.143E-004
1544.5238,5.106E-004
1544.5437,5.060E-004
1544.5635,5.022E-004
1544.5833,4.979E-004
1544.6032,4.957E-004
1544.6230,4.945E-004
1544.6429,4.907E-004
1544.6627,4.874E-004
1544.6825,4.824E-004
1544.7024,4.784E-004
1544.7222,4.740E-004
1544.7421,4.715E-004
1544.7619,4.675E-004
1544.7817,4.658E-004
1544.8016,4.633E-004
1544.8214,4.628E-004
1544.8413,4.617E-004
1544.8611,4.615E-004
1544.8810,4.600E-004
1544.9008,4.589E-004
1544.9206,4.578E-004
1544.9405,4.569E-004
1544.9603,4.549E-004
1544.9802,4.532E-004
1545.0000,4.520E-004
1545.0198,4.512E-004
1545.0397,4.521E-004
1545.0595,4.525E-004
1545.0794,4.534E-004
1545.0992,4.556E-004
1545.1190,4.580E-004
1545.1389,4.609E-004
1545.1587,4.647E-004
1545.1786,4.657E-004
1545.1984,4.674E-004
1545.2183,4.709E-004
1545.2381,4.740E-004
1545.2579,4.757E-004
1545.2778,4.780E-004
1545.2976,4.799E-004
1545.3175,4.829E-004
1545.3373,4.868E-004
1545.3571,4.904E-004
1545.3770,4.960E-004
1545.3968,5.010E-004
1545.4167,5.043E-004
1545.4365,5.079E-004
1545.4563,5.110E-004
1545.4762,5.153E-004
1545.4960,5.206E-004
1545.5159,5.261E-004
1545.5357,5.296E-004
1545.5556,5.338E-004
1545.5754,5.389E-004
1545.5952,5.459E-004
1545.6151,5.526E-004
1545.6349,5.599E-004
1545.6548,5.674E-004
1545.6746,5.742E-004
1545.6944,5.817E-004
1545.7143,5.852E-004
1545.7341,5.889E-004
1545.7540,5.910E-004
1545.7738,5.934E-004
1545.7937,5.970E-004
1545.8135,6.017E-004
1545.8333,6.061E-004
1545.8532,6.092E-004
1545.8730,6.151E-004
1545.8929,6.201E-004
1545.9127,6.286E-004
1545.9325,6.372E-004
1545.9524,6.444E-004
1545.9722,6.500E-004
1545.9921,6.534E-004
1546.0119,6.567E-004
1546.0317,6.612E-004
1546.0516,6.647E-004
1546.0714,6.665E-004
1546.0913,6.687E-004
1546.1111,6.716E-004
1546.1310,6.743E-004
1546.1508,6.779E-004
1546.1706,6.803E-004
1546.1905,6.838E-004
1546.2103,6.866E-004
1546.2302,6.901E-004
1546.2500,6.910E-004
1546.2698,6.914E-004
1546.2897,6.932E-004
1546.3095,6.929E-004
1546.3294,6.949E-004
1546.3492,6.943E-004
1546.3690,6.944E-004
1546.3889,6.958E-004
1546.4087,6.971E-004
1546.4286,6.973E-004
1546.4484,6.986E-004
1546.4683,6.987E-004
1546.4881,6.992E-004
1546.5079,6.987E-004
1546.5278,6.980E-004
1546.5476,6.952E-004
1546.5675,6.918E-004
1546.5873,6.898E-004
1546.6071,6.857E-004
1546.6270,6.845E-004
1546.6468,6.815E-004
1546.6667,6.784E-004
1546.6865,6.780E-004
1546.7063,6.790E-004
1546.7262,6.783E-004
1546.7460,6.788E-004
1546.7659,6.780E-004
1546.7857,6.758E-004
1546.8056,6.738E-004
1546.8254,6.714E-004
1546.8452,6.679E-004
1546.8651,6.629E-004
1546.8849,6.561E-004
1546.9048,6.519E-004
1546.9246,6.467E-004
1546.9444,6.430E-004
1546.9643,6.369E-004
1546.9841,6.312E-004
1547.0040,6.282E-004
1547.0238,6.245E-004
1547.0437,6.206E-004
1547.0635,6.184E-004
1547.0833,6.158E-004
1547.1032,6.134E-004
1547.1230,6.080E-004
1547.1429,6.055E-004
1547.1627,6.018E-004
1547.1825,5.981E-004
1547.2024,5.938E-004
1547.2222,5.905E-004
1547.2421,5.857E-004
1547.2619,5.804E-004
1547.2817,5.732E-004
1547.3016,5.684E-004
1547.3214,5.624E-004
1547.3413,5.560E-004
1547.3611,5.484E-004
1547.3810,5.441E-004
1547.4008,5.396E-004
1547.4206,5.354E-004
1547.4405,5.302E-004
1547.4603,5.260E-004
1547.4802,5.221E-004
1547.5000,5.196E-004
1547.5198,5.155E-004
1547.5397,5.139E-004
1547.5595,5.087E-004
1547.5794,5.046E-004
1547.5992,4.995E-004
1547.6190,4.954E-004
1547.6389,4.902E-004
1547.6587,4.859E-004
1547.6786,4.812E-004
1547.6984,4.766E-004
1547.7183,4.717E-004
1547.7381,4.685E-004
1547.7579,4.645E-004
1547.7778,4.621E-004
1547.7976,4.589E-004
1547.8175,4.558E-004
1547.8373,4.536E-004
1547.8571,4.523E-004
1547.8770,4.513E-004
1547.8968,4.479E-004
1547.9167,4.482E-004
1547.9365,4.470E-004
1547.9563,4.457E-004
1547.9762,4.454E-004
1547.9960,4.440E-004
1548.0159,4.441E-004
1548.0357,4.421E-004
1548.0556,4.407E-004
1548.0754,4.401E-004
1548.0952,4.401E-004
1548.1151,4.400E-004
1548.1349,4.388E-004
1548.1548,4.400E-004
1548.1746,4.413E-004
1548.1944,4.420E-004
1548.2143,4.447E-004
1548.2341,4.464E-004
1548.2540,4.499E-004
1548.2738,4.517E-004
1548.2937,4.554E-004
1548.3135,4.565E-004
1548.3333,4.609E-004
1548.3532,4.625E-004
1548.3730,4.655E-004
1548.3929,4.694E-004
1548.4127,4.714E-004
1548.4325,4.746E-004
1548.4524,4.771E-004
1548.4722,4.816E-004
1548.4921,4.873E-004
1548.5119,4.915E-004
1548.5317,4.950E-004
1548.5516,4.979E-004
1548.5714,5.032E-004
1548.5913,5.070E-004
1548.6111,5.127E-004
1548.6310,5.179E-004
1548.6508,5.240E-004
1548.6706,5.285E-004
1548.6905,5.343E-004
1548.7103,5.394E-004
1548.7302,5.448E-004
1548.7500,5.489E-004
1548.7698,5.531E-004
1548.7897,5.584E-004
1548.8095,5.629E-004
1548.8294,5.688E-004
1548.8492,5.739E-004
1548.8690,5.768E-004
1548.8889,5.819E-004
1548.9087,5.849E-004
1548.9286,5.907E-004
1548.9484,5.971E-004
1548.9683,6.003E-004
1548.9881,6.058E-004
1549.0079,6.085E-004
1549.0278,6.112E-004
1549.0476,6.168E-004
1549.0675,6.211E-004
1549.0873,6.249E-004
1549.1071,6.265E-004
1549.1270,6.295E-004
1549.1468,6.323E-004
1549.1667,6.356E-004
1549.1865,6.384E-004
1549.2063,6.409E-004
1549.2262,6.416E-004
1549.2460,6.438E-004
1549.2659,6.450E-004
1549.2857,6.462E-004
1549.3056,6.493E-004
1549.3254,6.495E-004
1549.3452,6.504E-004
1549.3651,6.527E-004
1549.3849,6.509E-004
1549.4048,6.523E-004
1549.4246,6.528E-004
1549.4444,6.527E-004
1549.4643,6.534E-004
1549.4841,6.531E-004
1549.5040,6.534E-004
1549.5238,6.538E-004
1549.5437,6.535E-004
1549.5635,6.534E-004
1549.5833,6.538E-004
1549.6032,6.534E-004
1549.6230,6.511E-004
1549.6429,6.484E-004
1549.6627,6.480E-004
1549.6825,6.448E-004
1549.7024,6.422E-004
1549.7222,6.407E-004
1549.7421,6.386E-004
1549.7619,6.356E-004
1549.7817,6.347E-004
1549.8016,6.335E-004
1549.8214,6.324E-004
1549.8413,6.316E-004
1549.8611,6.289E-004
1549.8810,6.264E-004
1549.9008,6.242E-004
1549.9206,6.209E-004
1549.9405,6.186E-004
1549.9603,6.150E-004
1549.9802,6.103E-004
1550.0000,6.065E-004
1550.0198,6.010E-004
1550.0397,5.977E-004
1550.0595,5.940E-004
1550.0794,5.918E-004
1550.0992,5.880E-004
1550.1190,5.849E-004
1550.1389,5.813E-004
1550.1587,5.782E-004
1550.1786,5.742E-004
1550.1984,5.714E-004
1550.2183,5.672E-004
1550.2381,5.608E-004
1550.2579,5.568E-004
1550.2778,5.507E-004
1550.2976,5.453E-004
1550.3175,5.377E-004
1550.3373,5.327E-004
1550.3571,5.278E-004
1550.3770,5.250E-004
1550.3968,5.223E-004
1550.4167,5.187E-004
1550.4365,5.125E-004
1550.4563,5.070E-004
1550.4762,5.020E-004
1550.4960,4.983E-004
1550.5159,4.951E-004
1550.5357,4.915E-004
1550.5556,4.856E-004
1550.5754,4.810E-004
1550.5952,4.764E-004
1550.6151,4.715E-004
1550.6349,4.677E-004
1550.6548,4.620E-004
1550.6746,4.571E-004
1550.6944,4.514E-004
1550.7143,4.469E-004
1550.7341,4.441E-004
1550.7540,4.403E-004
1550.7738,4.364E-004
1550.7937,4.326E-004
1550.8135,4.297E-004
1550.8333,4.285E-004
1550.8532,4.254E-004
1550.8730,4.239E-004
1550.8929,4.220E-004
1550.9127,4.170E-004
1550.9325,4.152E-004
1550.9524,4.131E-004
1550.9722,4.118E-004
1550.9921,4.100E-004
1551.0119,4.087E-004
1551.0317,4.077E-004
1551.0516,4.048E-004
1551.0714,4.057E-004
1551.0913,4.046E-004
1551.1111,4.049E-004
1551.1310,4.039E-004
1551.1508,4.040E-004
1551.1706,4.050E-004
1551.1905,4.055E-004
1551.2103,4.062E-004
1551.2302,4.067E-004
1551.2500,4.093E-004
1551.2698,4.099E-004
1551.2897,4.129E-004
1551.3095,4.148E-004
1551.3294,4.164E-004
1551.3492,4.204E-004
1551.3690,4.223E-004
1551.3889,4.269E-004
1551.4087,4.281E-004
1551.4286,4.307E-004
1551.4484,4.318E-004
1551.4683,4.341E-004
1551.4881,4.372E-004
1551.5079,4.409E-004
1551.5278,4.445E-004
1551.5476,4.481E-004
1551.5675,4.513E-004
1551.5873,4.544E-004
1551.6071,4.590E-004
1551.6270,4.631E-004
1551.6468,4.664E-004
1551.6667,4.719E-004
1551.6865,4.759E-004
1551.7063,4.815E-004
1551.7262,4.870E-004
1551.7460,4.913E-004
1551.7659,4.957E-004
1551.7857,4.991E-004
1551.8056,5.036E-004
1551.8254,5.099E-004
1551.8452,5.139E-004
1551.8651,5.159E-004
1551.8849,5.176E-004
1551.9048,5.210E-004
1551.9246,5.222E-004
1551.9444,5.281E-004
1551.9643,5.328E-004
1551.9841,5.359E-004
1552.0040,5.400E-004
1552.0238,5.439E-004
1552.0437,5.480E-004
1552.0635,5.522E-004
1552.0833,5.593E-004
1552.1032,5.606E-004
1552.1230,5.624E-004
1552.1429,5.629E-004
1552.1627,5.653E-004
1552.1825,5.692E-004
1552.2024,5.712E-004
1552.2222,5.735E-004
1552.2421,5.737E-004
1552.2619,5.765E-004
1552.2817,5.764E-004
1552.3016,5.785E-004
1552.3214,5.819E-004
1552.3413,5.848E-004
1552.3611,5.859E-004
1552.3810,5.873E-004
1552.4008,5.878E-004
1552.4206,5.881E-004
1552.4405,5.866E-004
1552.4603,5.880E-004
1552.4802,5.871E-004
1552.5000,5.876E-004
1552.5198,5.895E-004
1552.5397,5.895E-004
1552.5595,5.893E-004
1552.5794,5.905E-004
1552.5992,5.911E-004
1552.6190,5.923E-004
1552.6389,5.940E-004
1552.6587,5.940E-004
1552.6786,5.910E-004
1552.6984,5.903E-004
1552.7183,5.879E-004
1552.7381,5.836E-004
1552.7579,5.819E-004
1552.7778,5.778E-004
1552.7976,5.754E-004
1552.8175,5.738E-004
1552.8373,5.757E-004
1552.8571,5.750E-004
1552.8770,5.756E-004
1552.8968,5.762E-004
1552.9167,5.753E-004
1552.9365,5.743E-004
1552.9563,5.703E-004
1552.9762,5.681E-004
1552.9960,5.641E-004
1553.0159,5.614E-004
1553.0357,5.578E-004
1553.0556,5.511E-004
1553.0754,5.462E-004
1553.0952,5.415E-004
1553.1151,5.378E-004
1553.1349,5.368E-004
1553.1548,5.337E-004
1553.1746,5.303E-004
1553.1944,5.275E-004
1553.2143,5.241E-004
1553.2341,5.214E-004
1553.2540,5.181E-004
1553.2738,5.137E-004
1553.2937,5.102E-004
1553.3135,5.061E-004
1553.3333,5.022E-004
1553.3532,4.982E-004
1553.3730,4.955E-004
1553.3929,4.916E-004
1553.4127,4.865E-004
1553.4325,4.827E-004
1553.4524,4.769E-004
1553.4722,4.727E-004
1553.4921,4.669E-004
1553.5119,4.610E-004
1553.5317,4.558E-004
1553.5516,4.508E-004
1553.5714,4.471E-004
1553.5913,4.427E-004
1553.6111,4.381E-004
1553.6310,4.344E-004
1553.6508,4.300E-004
1553.6706,4.265E-004
1553.6905,4.227E-004
1553.7103,4.219E-004
1553.7302,4.186E-004
1553.7500,4.155E-004
1553.7698,4.112E-004
1553.7897,4.083E-004
1553.8095,4.050E-004
1553.8294,4.018E-004
1553.8492,3.967E-004
1553.8690,3.929E-004
1553.8889,3.871E-004
1553.9087,3.835E-004
1553.9286,3.803E-004
1553.9484,3.785E-004
1553.9683,3.760E-004
1553.9881,3.753E-004
1554.0079,3.751E-004
1554.0278,3.736E-004
1554.0476,3.737E-004
1554.0675,3.728E-004
1554.0873,3.719E-004
1554.1071,3.722E-004
1554.1270,3.704E-004
1554.1468,3.694E-004
1554.1667,3.682E-004
1554.1865,3.675E-004
1554.2063,3.665E-004
1554.2262,3.652E-004
1554.2460,3.646E-004
1554.2659,3.653E-004
1554.2857,3.649E-004
1554.3056,3.660E-004
1554.3254,3.667E-004
1554.3452,3.679E-004
1554.3651,3.700E-004
1554.3849,3.725E-004
1554.4048,3.747E-004
1554.4246,3.771E-004
1554.4444,3.794E-004
1554.4643,3.818E-004
1554.4841,3.851E-004
1554.5040,3.876E-004
1554.5238,3.885E-004
1554.5437,3.901E-004
1554.5635,3.917E-004
1554.5833,3.939E-004
1554.6032,3.944E-004
1554.6230,3.963E-004
1554.6429,4.001E-004
1554.6627,4.030E-004
1554.6825,4.070E-004
1554.7024,4.124E-004
1554.7222,4.153E-004
1554.7421,4.193E-004
1554.7619,4.226E-004
1554.7817,4.270E-004
1554.8016,4.325E-004
1554.8214,4.376E-004
1554.8413,4.394E-004
1554.8611,4.422E-004
1554.8810,4.445E-004
1554.9008,4.480E-004
1554.9206,4.499E-004
1554.9405,4.528E-004
1554.9603,4.562E-004
1554.9802,4.607E-004
1555.0000,4.648E-004
1555.0198,4.673E-004
1555.0397,4.718E-004
1555.0595,4.741E-004
1555.0794,4.773E-004
1555.0992,4.816E-004
1555.1190,4.857E-004
1555.1389,4.887E-004
1555.1587,4.902E-004
1555.1786,4.919E-004
1555.1984,4.937E-004
1555.2183,4.961E-004
1555.2381,4.985E-004
1555.2579,5.032E-004
1555.2778,5.068E-004
1555.2976,5.102E-004
1555.3175,5.136E-004
1555.3373,5.162E-004
1555.3571,5.178E-004
1555.3770,5.196E-004
1555.3968,5.211E-004
1555.4167,5.214E-004
1555.4365,5.210E-004
1555.4563,5.208E-004
1555.4762,5.192E-004
1555.4960,5.199E-004
1555.5159,5.206E-004
1555.5357,5.215E-004
1555.5556,5.230E-004
1555.5754,5.254E-004
1555.5952,5.275E-004
1555.6151,5.288E-004
1555.6349,5.291E-004
1555.6548,5.291E-004
1555.6746,5.298E-004
1555.6944,5.289E-004
1555.7143,5.283E-004
1555.7341,5.260E-004
1555.7540,5.252E-004
1555.7738,5.238E-004
1555.7937,5.221E-004
1555.8135,5.209E-004
1555.8333,5.192E-004
1555.8532,5.170E-004
1555.8730,5.159E-004
1555.8929,5.125E-004
1555.9127,5.118E-004
1555.9325,5.095E-004
1555.9524,5.065E-004
1555.9722,5.042E-004
1555.9921,5.026E-004
1556.0119,4.994E-004
1556.0317,4.965E-004
1556.0516,4.947E-004
1556.0714,4.920E-004
1556.0913,4.891E-004
1556.1111,4.868E-004
1556.1310,4.837E-004
1556.1508,4.807E-004
1556.1706,4.787E-004
1556.1905,4.754E-004
1556.2103,4.716E-004
1556.2302,4.678E-004
1556.2500,4.636E-004
1556.2698,4.600E-004
1556.2897,4.566E-004
1556.3095,4.533E-004
1556.3294,4.496E-004
1556.3492,4.448E-004
1556.3690,4.401E-004
1556.3889,4.357E-004
1556.4087,4.342E-004
1556.4286,4.309E-004
1556.4484,4.276E-004
1556.4683,4.247E-004
1556.4881,4.207E-004
1556.5079,4.176E-004
1556.5278,4.138E-004
1556.5476,4.102E-004
1556.5675,4.068E-004
1556.5873,4.034E-004
1556.6071,4.000E-004
1556.6270,3.944E-004
1556.6468,3.910E-004
1556.6667,3.862E-004
1556.6865,3.819E-004
1556.7063,3.783E-004
1556.7262,3.754E-004
1556.7460,3.731E-004
1556.7659,3.705E-004
1556.7857,3.672E-004
1556.8056,3.642E-004
1556.8254,3.614E-004
1556.8452,3.595E-004
1556.8651,3.571E-004
1556.8849,3.548E-004
1556.9048,3.521E-004
1556.9246,3.484E-004
1556.9444,3.462E-004
1556.9643,3.436E-004
1556.9841,3.423E-004
1557.0040,3.397E-004
1557.0238,3.366E-004
1557.0437,3.349E-004
1557.0635,3.330E-004
1557.0833,3.322E-004
1557.1032,3.307E-004
1557.1230,3.288E-004
1557.1429,3.273E-004
1557.1627,3.259E-004
1557.1825,3.259E-004
1557.2024,3.243E-004
1557.2222,3.221E-004
1557.2421,3.210E-004
1557.2619,3.202E-004
1557.2817,3.193E-004
1557.3016,3.194E-004
1557.3214,3.189E-004
1557.3413,3.195E-004
1557.3611,3.214E-004
1557.3810,3.218E-004
1557.4008,3.230E-004
1557.4206,3.226E-004
1557.4405,3.230E-004
1557.4603,3.231E-004
1557.4802,3.232E-004
1557.5000,3.235E-004
1557.5198,3.239E-004
1557.5397,3.245E-004
1557.5595,3.241E-004
1557.5794,3.254E-004
1557.5992,3.268E-004
1557.6190,3.289E-004
1557.6389,3.326E-004
1557.6587,3.339E-004
1557.6786,3.369E-004
1557.6984,3.389E-004
1557.7183,3.429E-004
1557.7381,3.448E-004
1557.7579,3.469E-004
1557.7778,3.481E-004
1557.7976,3.494E-004
1557.8175,3.497E-004
1557.8373,3.507E-004
1557.8571,3.522E-004
1557.8770,3.547E-004
1557.8968,3.566E-004
1557.9167,3.607E-004
1557.9365,3.647E-004
1557.9563,3.684E-004
1557.9762,3.723E-004
1557.9960,3.765E-004
1558.0159,3.801E-004
1558.0357,3.838E-004
1558.0556,3.878E-004
1558.0754,3.915E-004
1558.0952,3.934E-004
1558.1151,3.959E-004
1558.1349,3.967E-004
1558.1548,3.986E-004
1558.1746,4.005E-004
1558.1944,4.024E-004
1558.2143,4.054E-004
1558.2341,4.075E-004
1558.2540,4.111E-004
1558.2738,4.135E-004
1558.2937,4.175E-004
1558.3135,4.204E-004
1558.3333,4.230E-004
1558.3532,4.247E-004
1558.3730,4.271E-004
1558.3929,4.294E-004
1558.4127,4.334E-004
1558.4325,4.348E-004
1558.4524,4.353E-004
1558.4722,4.372E-004
1558.4921,4.394E-004
1558.5119,4.411E-004
1558.5317,4.431E-004
1558.5516,4.448E-004
1558.5714,4.462E-004
1558.5913,4.455E-004
1558.6111,4.455E-004
1558.6310,4.448E-004
1558.6508,4.464E-004
1558.6706,4.470E-004
1558.6905,4.459E-004
1558.7103,4.470E-004
1558.7302,4.463E-004
1558.7500,4.468E-004
1558.7698,4.468E-004
1558.7897,4.459E-004
1558.8095,4.458E-004
1558.8294,4.446E-004
1558.8492,4.433E-004
1558.8690,4.424E-004
1558.8889,4.406E-004
1558.9087,4.385E-004
1558.9286,4.367E-004
1558.9484,4.349E-004
1558.9683,4.324E-004
1558.9881,4.308E-004
1559.0079,4.290E-004
1559.0278,4.260E-004
1559.0476,4.234E-004
1559.0675,4.218E-004
1559.0873,4.201E-004
1559.1071,4.174E-004
1559.1270,4.146E-004
1559.1468,4.115E-004
1559.1667,4.086E-004
1559.1865,4.052E-004
1559.2063,4.022E-004
1559.2262,3.999E-004
1559.2460,3.971E-004
1559.2659,3.947E-004
1559.2857,3.919E-004
1559.3056,3.875E-004
1559.3254,3.843E-004
1559.3452,3.828E-004
1559.3651,3.795E-004
1559.3849,3.770E-004
1559.4048,3.722E-004
1559.4246,3.702E-004
1559.4444,3.659E-004
1559.4643,3.640E-004
1559.4841,3.601E-004
1559.5040,3.569E-004
1559.5238,3.533E-004
1559.5437,3.498E-004
1559.5635,3.471E-004
1559.5833,3.446E-004
1559.6032,3.411E-004
1559.6230,3.387E-004
1559.6429,3.347E-004
1559.6627,3.322E-004
1559.6825,3.292E-004
1559.7024,3.261E-004
1559.7222,3.248E-004
1559.7421,3.217E-004
1559.7619,3.198E-004
1559.7817,3.156E-004
1559.8016,3.131E-004
1559.8214,3.098E-004
1559.8413,3.060E-004
1559.8611,3.042E-004
1559.8810,3.021E-004
1559.9008,3.002E-004
1559.9206,2.972E-004
1559.9405,2.934E-004
1559.9603,2.911E-004
1559.9802,2.885E-004
1560.0000,2.874E-004
1560.0198,2.863E-004
1560.0397,2.846E-004
1560.0595,2.819E-004
1560.0794,2.793E-004
1560.0992,2.770E-004
1560.1190,2.765E-004
1560.1389,2.747E-004
1560.1587,2.730E-004
1560.1786,2.710E-004
1560.1984,2.697E-004
1560.2183,2.674E-004
1560.2381,2.663E-004
1560.2579,2.652E-004
1560.2778,2.646E-004
1560.2976,2.625E-004
1560.3175,2.623E-004
1560.3373,2.621E-004
1560.3571,2.612E-004
1560.3770,2.609E-004
1560.3968,2.600E-004
1560.4167,2.595E-004
1560.4365,2.599E-004
1560.4563,2.593E-004
1560.4762,2.591E-004
1560.4960,2.589E-004
1560.5159,2.594E-004
1560.5357,2.584E-004
1560.5556,2.587E-004
1560.5754,2.593E-004
1560.5952,2.597E-004
1560.6151,2.596E-004
1560.6349,2.612E-004
1560.6548,2.626E-004
1560.6746,2.633E-004
1560.6944,2.640E-004
1560.7143,2.652E-004
1560.7341,2.678E-004
1560.7540,2.687E-004
1560.7738,2.701E-004
1560.7937,2.711E-004
1560.8135,2.736E-004
1560.8333,2.738E-004
1560.8532,2.768E-004
1560.8730,2.783E-004
1560.8929,2.800E-004
1560.9127,2.806E-004
1560.9325,2.826E-004
1560.9524,2.839E-004
1560.9722,2.870E-004
1560.9921,2.891E-004
1561.0119,2.910E-004
1561.0317,2.914E-004
1561.0516,2.931E-004
1561.0714,2.954E-004
1561.0913,2.997E-004
1561.1111,3.022E-004
1561.1310,3.052E-004
1561.1508,3.069E-004
1561.1706,3.080E-004
1561.1905,3.100E-004
1561.2103,3.124E-004
1561.2302,3.154E-004
1561.2500,3.182E-004
1561.2698,3.205E-004
1561.2897,3.227E-004
1561.3095,3.230E-004
1561.3294,3.258E-004
1561.3492,3.284E-004
1561.3690,3.292E-004
1561.3889,3.313E-004
1561.4087,3.333E-004
1561.4286,3.353E-004
1561.4484,3.375E-004
1561.4683,3.380E-004
1561.4881,3.407E-004
1561.5079,3.419E-004
1561.5278,3.434E-004
1561.5476,3.446E-004
1561.5675,3.462E-004
1561.5873,3.476E-004
1561.6071,3.476E-004
1561.6270,3.480E-004
1561.6468,3.482E-004
1561.6667,3.506E-004
1561.6865,3.503E-004
1561.7063,3.507E-004
1561.7262,3.508E-004
1561.7460,3.494E-004
1561.7659,3.484E-004
1561.7857,3.487E-004
1561.8056,3.476E-004
1561.8254,3.475E-004
1561.8452,3.474E-004
1561.8651,3.472E-004
1561.8849,3.474E-004
1561.9048,3.465E-004
1561.9246,3.461E-004
1561.9444,3.454E-004
1561.9643,3.452E-004
1561.9841,3.438E-004
1562.0040,3.429E-004
1562.0238,3.409E-004
1562.0437,3.389E-004
1562.0635,3.378E-004
1562.0833,3.356E-004
1562.1032,3.313E-004
1562.1230,3.291E-004
1562.1429,3.275E-004
1562.1627,3.264E-004
1562.1825,3.253E-004
1562.2024,3.245E-004
1562.2222,3.230E-004
1562.2421,3.220E-004
1562.2619,3.195E-004
1562.2817,3.188E-004
1562.3016,3.171E-004
1562.3214,3.146E-004
1562.3413,3.124E-004
1562.3611,3.084E-004
1562.3810,3.063E-004
1562.4008,3.028E-004
1562.4206,3.017E-004
1562.4405,2.992E-004
1562.4603,2.959E-004
1562.4802,2.930E-004
1562.5000,2.922E-004
1562.5198,2.893E-004
1562.5397,2.878E-004
1562.5595,2.853E-004
1562.5794,2.830E-004
1562.5992,2.803E-004
1562.6190,2.776E-004
1562.6389,2.773E-004
1562.6587,2.739E-004
1562.6786,2.717E-004
1562.6984,2.685E-004
1562.7183,2.660E-004
1562.7381,2.632E-004
1562.7579,2.620E-004
1562.7778,2.593E-004
1562.7976,2.578E-004
1562.8175,2.543E-004
1562.8373,2.524E-004
1562.8571,2.489E-004
1562.8770,2.471E-004
1562.8968,2.446E-004
1562.9167,2.430E-004
1562.9365,2.395E-004
1562.9563,2.376E-004
1562.9762,2.355E-004
1562.9960,2.327E-004
1563.0159,2.299E-004
1563.0357,2.295E-004
1563.0556,2.277E-004
1563.0754,2.263E-004
1563.0952,2.238E-004
1563.1151,2.222E-004
1563.1349,2.206E-004
1563.1548,2.177E-004
1563.1746,2.168E-004
1563.1944,2.148E-004
1563.2143,2.135E-004
1563.2341,2.115E-004
1563.2540,2.101E-004
1563.2738,2.081E-004
1563.2937,2.073E-004
1563.3135,2.053E-004
1563.3333,2.045E-004
1563.3532,2.032E-004
1563.3730,2.022E-004
1563.3929,2.010E-004
1563.4127,1.996E-004
1563.4325,1.983E-004
1563.4524,1.985E-004
1563.4722,1.985E-004
1563.4921,1.984E-004
1563.5119,1.976E-004
1563.5317,1.971E-004
1563.5516,1.980E-004
1563.5714,1.972E-004
1563.5913,1.962E-004
1563.6111,1.967E-004
1563.6310,1.961E-004
1563.6508,1.967E-004
1563.6706,1.961E-004
1563.6905,1.960E-004
1563.7103,1.965E-004
1563.7302,1.969E-004
1563.7500,1.978E-004
1563.7698,1.983E-004
1563.7897,1.993E-004
1563.8095,2.010E-004
1563.8294,2.017E-004
1563.8492,2.034E-004
1563.8690,2.036E-004
1563.8889,2.044E-004
1563.9087,2.056E-004
1563.9286,2.062E-004
1563.9484,2.070E-004
1563.9683,2.096E-004
1563.9881,2.103E-004
1564.0079,2.115E-004
1564.0278,2.131E-004
1564.0476,2.146E-004
1564.0675,2.169E-004
1564.0873,2.187E-004
1564.1071,2.204E-004
1564.1270,2.209E-004
1564.1468,2.230E-004
1564.1667,2.244E-004
1564.1865,2.257E-004
1564.2063,2.271E-004
1564.2262,2.282E-004
1564.2460,2.296E-004
1564.2659,2.315E-004
1564.2857,2.338E-004
1564.3056,2.362E-004
1564.3254,2.371E-004
1564.3452,2.399E-004
1564.3651,2.402E-004
1564.3849,2.427E-004
1564.4048,2.444E-004
1564.4246,2.459E-004
1564.4444,2.461E-004
1564.4643,2.466E-004
1564.4841,2.483E-004
1564.5040,2.503E-004
1564.5238,2.506E-004
1564.5437,2.523E-004
1564.5635,2.531E-004
1564.5833,2.537E-004
1564.6032,2.552E-004
1564.6230,2.566E-004
1564.6429,2.576E-004
1564.6627,2.581E-004
1564.6825,2.604E-004
1564.7024,2.606E-004
1564.7222,2.609E-004
1564.7421,2.612E-004
1564.7619,2.608E-004
1564.7817,2.607E-004
1564.8016,2.607E-004
1564.8214,2.606E-004
1564.8413,2.600E-004
1564.8611,2.607E-004
1564.8810,2.600E-004
1564.9008,2.596E-004
1564.9206,2.600E-004
1564.9405,2.587E-004
1564.9603,2.592E-004
1564.9802,2.591E-004
1565.0000,2.585E-004
1565.0198,2.579E-004
1565.0397,2.577E-004
1565.0595,2.571E-004
1565.0794,2.568E-004
1565.0992,2.555E-004
1565.1190,2.554E-004
1565.1389,2.541E-004
1565.1587,2.532E-004
1565.1786,2.515E-004
1565.1984,2.501E-004
1565.2183,2.490E-004
1565.2381,2.465E-004
1565.2579,2.452E-004
1565.2778,2.438E-004
1565.2976,2.423E-004
1565.3175,2.414E-004
1565.3373,2.398E-004
1565.3571,2.391E-004
1565.3770,2.381E-004
1565.3968,2.364E-004
1565.4167,2.355E-004
1565.4365,2.344E-004
1565.4563,2.326E-004
1565.4762,2.300E-004
1565.4960,2.288E-004
1565.5159,2.272E-004
1565.5357,2.256E-004
1565.5556,2.244E-004
1565.5754,2.231E-004
1565.5952,2.208E-004
1565.6151,2.175E-004
1565.6349,2.154E-004
1565.6548,2.139E-004
1565.6746,2.122E-004
1565.6944,2.107E-004
1565.7143,2.085E-004
1565.7341,2.065E-004
1565.7540,2.040E-004
1565.7738,2.023E-004
1565.7937,2.009E-004
1565.8135,2.003E-004
1565.8333,1.979E-004
1565.8532,1.962E-004
1565.8730,1.943E-004
1565.8929,1.930E-004
1565.9127,1.915E-004
1565.9325,1.899E-004
1565.9524,1.874E-004
1565.9722,1.852E-004
1565.9921,1.832E-004
1566.0119,1.817E-004
1566.0317,1.811E-004
1566.0516,1.778E-004
1566.0714,1.758E-004
1566.0913,1.738E-004
1566.1111,1.716E-004
1566.1310,1.709E-004
1566.1508,1.687E-004
1566.1706,1.672E-004
1566.1905,1.657E-004
1566.2103,1.640E-004
1566.2302,1.627E-004
1566.2500,1.620E-004
1566.2698,1.612E-004
1566.2897,1.601E-004
1566.3095,1.583E-004
1566.3294,1.581E-004
1566.3492,1.565E-004
1566.3690,1.554E-004
1566.3889,1.534E-004
1566.4087,1.528E-004
1566.4286,1.519E-004
1566.4484,1.499E-004
1566.4683,1.497E-004
1566.4881,1.496E-004
1566.5079,1.483E-004
1566.5278,1.471E-004
1566.5476,1.473E-004
1566.5675,1.460E-004
1566.5873,1.468E-004
1566.6071,1.453E-004
1566.6270,1.457E-004
1566.6468,1.453E-004
1566.6667,1.450E-004
1566.6865,1.451E-004
1566.7063,1.447E-004
1566.7262,1.444E-004
1566.7460,1.452E-004
1566.7659,1.461E-004
1566.7857,1.451E-004
1566.8056,1.459E-004
1566.8254,1.461E-004
1566.8452,1.466E-004
1566.8651,1.464E-004
1566.8849,1.467E-004
1566.9048,1.473E-004
1566.9246,1.479E-004
1566.9444,1.478E-004
1566.9643,1.479E-004
1566.9841,1.492E-004
1567.0040,1.497E-004
1567.0238,1.508E-004
1567.0437,1.503E-004
1567.0635,1.520E-004
1567.0833,1.529E-004
1567.1032,1.533E-004
1567.1230,1.548E-004
1567.1429,1.563E-004
1567.1627,1.565E-004
1567.1825,1.572E-004
1567.2024,1.590E-004
1567.2222,1.597E-004
1567.2421,1.610E-004
1567.2619,1.609E-004
1567.2817,1.608E-004
1567.3016,1.619E-004
1567.3214,1.629E-004
1567.3413,1.643E-004
1567.3611,1.656E-004
1567.3810,1.656E-004
1567.4008,1.676E-004
1567.4206,1.690E-004
1567.4405,1.699E-004
1567.4603,1.715E-004
1567.4802,1.728E-004
1567.5000,1.743E-004
1567.5198,1.751E-004
1567.5397,1.759E-004
1567.5595,1.769E-004
1567.5794,1.763E-004
1567.5992,1.785E-004
1567.6190,1.775E-004
1567.6389,1.787E-004
1567.6587,1.793E-004
1567.6786,1.804E-004
1567.6984,1.795E-004
1567.7183,1.800E-004
1567.7381,1.811E-004
1567.7579,1.821E-004
1567.7778,1.825E-004
1567.7976,1.835E-004
1567.8175,1.845E-004
1567.8373,1.853E-004
1567.8571,1.866E-004
1567.8770,1.868E-004
1567.8968,1.860E-004
1567.9167,1.877E-004
1567.9365,1.873E-004
1567.9563,1.878E-004
1567.9762,1.869E-004
1567.9960,1.878E-004
1568.0159,1.869E-004
1568.0357,1.874E-004
1568.0556,1.859E-004
1568.0754,1.859E-004
1568.0952,1.862E-004
1568.1151,1.871E-004
1568.1349,1.855E-004
1568.1548,1.854E-004
1568.1746,1.856E-004
1568.1944,1.838E-004
1568.2143,1.843E-004
1568.2341,1.838E-004
1568.2540,1.828E-004
1568.2738,1.828E-004
1568.2937,1.818E-004
1568.3135,1.815E-004
1568.3333,1.807E-004
1568.3532,1.804E-004
1568.3730,1.803E-004
1568.3929,1.786E-004
1568.4127,1.772E-004
1568.4325,1.770E-004
1568.4524,1.750E-004
1568.4722,1.746E-004
1568.4921,1.725E-004
1568.5119,1.718E-004
1568.5317,1.694E-004
1568.5516,1.678E-004
1568.5714,1.660E-004
1568.5913,1.645E-004
1568.6111,1.636E-004
1568.6310,1.631E-004
1568.6508,1.622E-004
1568.6706,1.603E-004
1568.6905,1.595E-004
1568.7103,1.588E-004
1568.7302,1.574E-004
1568.7500,1.564E-004
1568.7698,1.551E-004
1568.7897,1.532E-004
1568.8095,1.518E-004
1568.8294,1.499E-004
1568.8492,1.475E-004
1568.8690,1.457E-004
1568.8889,1.440E-004
1568.9087,1.423E-004
1568.9286,1.403E-004
1568.9484,1.391E-004
1568.9683,1.384E-004
1568.9881,1.361E-004
1569.0079,1.350E-004
1569.0278,1.339E-004
1569.0476,1.335E-004
1569.0675,1.316E-004
1569.0873,1.313E-004
1569.1071,1.293E-004
1569.1270,1.283E-004
1569.1468,1.280E-004
1569.1667,1.269E-004
1569.1865,1.250E-004
1569.2063,1.238E-004
1569.2262,1.214E-004
1569.2460,1.198E-004
1569.2659,1.192E-004
1569.2857,1.180E-004
1569.3056,1.174E-004
1569.3254,1.147E-004
1569.3452,1.149E-004
1569.3651,1.132E-004
1569.3849,1.120E-004
1569.4048,1.127E-004
1569.4246,1.115E-004
1569.4444,1.106E-004
1569.4643,1.101E-004
1569.4841,1.090E-004
1569.5040,1.082E-004
1569.5238,1.073E-004
1569.5437,1.072E-004
1569.5635,1.066E-004
1569.5833,1.067E-004
1569.6032,1.052E-004
1569.6230,1.052E-004
1569.6429,1.048E-004
1569.6627,1.048E-004
1569.6825,1.043E-004
1569.7024,1.027E-004
1569.7222,1.026E-004
1569.7421,1.027E-004
1569.7619,1.020E-004
1569.7817,1.015E-004
1569.8016,1.016E-004
1569.8214,1.020E-004
1569.8413,1.024E-004
1569.8611,1.017E-004
1569.8810,1.026E-004
1569.9008,1.022E-004
1569.9206,1.027E-004
1569.9405,1.020E-004
1569.9603,1.028E-004
1569.9802,1.027E-004
1570.0000,1.020E-004
1570.0198,1.029E-004
1570.0397,1.026E-004
1570.0595,1.034E-004
1570.0794,1.037E-004
1570.0992,1.037E-004
1570.1190,1.034E-004
1570.1389,1.041E-004
1570.1587,1.044E-004
1570.1786,1.047E-004
1570.1984,1.055E-004
1570.2183,1.056E-004
1570.2381,1.064E-004
1570.2579,1.076E-004
1570.2778,1.074E-004
1570.2976,1.079E-004
1570.3175,1.084E-004
1570.3373,1.089E-004
1570.3571,1.084E-004
1570.3770,1.101E-004
1570.3968,1.097E-004
1570.4167,1.104E-004
1570.4365,1.109E-004
1570.4563,1.108E-004
1570.4762,1.108E-004
1570.4960,1.118E-004
1570.5159,1.127E-004
1570.5357,1.134E-004
1570.5556,1.139E-004
1570.5754,1.153E-004
1570.5952,1.155E-004
1570.6151,1.160E-004
1570.6349,1.169E-004
1570.6548,1.175E-004
1570.6746,1.180E-004
1570.6944,1.185E-004
1570.7143,1.189E-004
1570.7341,1.201E-004
1570.7540,1.202E-004
1570.7738,1.210E-004
1570.7937,1.214E-004
1570.8135,1.220E-004
1570.8333,1.218E-004
1570.8532,1.210E-004
1570.8730,1.215E-004
1570.8929,1.219E-004
1570.9127,1.224E-004
1570.9325,1.221E-004
1570.9524,1.236E-004
1570.9722,1.240E-004
1570.9921,1.243E-004
1571.0119,1.256E-004
1571.0317,1.251E-004
1571.0516,1.254E-004
1571.0714,1.271E-004
1571.0913,1.262E-004
1571.1111,1.265E-004
1571.1310,1.274E-004
1571.1508,1.266E-004
1571.1706,1.260E-004
1571.1905,1.267E-004
1571.2103,1.264E-004
1571.2302,1.257E-004
1571.2500,1.269E-004
1571.2698,1.262E-004
1571.2897,1.256E-004
1571.3095,1.259E-004
1571.3294,1.251E-004
1571.3492,1.251E-004
1571.3690,1.245E-004
1571.3889,1.237E-004
1571.4087,1.241E-004
1571.4286,1.239E-004
1571.4484,1.228E-004
1571.4683,1.226E-004
1571.4881,1.222E-004
1571.5079,1.218E-004
1571.5278,1.204E-004
1571.5476,1.204E-004
1571.5675,1.202E-004
1571.5873,1.194E-004
1571.6071,1.176E-004
1571.6270,1.176E-004
1571.6468,1.171E-004
1571.6667,1.158E-004
1571.6865,1.147E-004
1571.7063,1.136E-004
1571.7262,1.132E-004
1571.7460,1.109E-004
1571.7659,1.108E-004
1571.7857,1.092E-004
1571.8056,1.088E-004
1571.8254,1.079E-004
1571.8452,1.071E-004
1571.8651,1.054E-004
1571.8849,1.058E-004
1571.9048,1.037E-004
1571.9246,1.030E-004
1571.9444,1.032E-004
1571.9643,1.014E-004
1571.9841,9.972E-005
1572.0040,9.923E-005
1572.0238,9.747E-005
1572.0437,9.648E-005
1572.0635,9.488E-005
1572.0833,9.435E-005
1572.1032,9.287E-005
1572.1230,9.149E-005
1572.1429,9.027E-005
1572.1627,8.940E-005
1572.1825,8.828E-005
1572.2024,8.754E-005
1572.2222,8.662E-005
1572.2421,8.549E-005
1572.2619,8.529E-005
1572.2817,8.450E-005
1572.3016,8.451E-005
1572.3214,8.311E-005
1572.3413,8.299E-005
1572.3611,8.127E-005
1572.3810,8.079E-005
1572.4008,7.973E-005
1572.4206,7.879E-005
1572.4405,7.785E-005
1572.4603,7.691E-005
1572.4802,7.616E-005
1572.5000,7.569E-005
1572.5198,7.466E-005
1572.5397,7.430E-005
1572.5595,7.346E-005
1572.5794,7.335E-005
1572.5992,7.333E-005
1572.6190,7.212E-005
1572.6389,7.182E-005
1572.6587,7.134E-005
1572.6786,7.060E-005
1572.6984,7.045E-005
1572.7183,7.067E-005
1572.7381,6.954E-005
1572.7579,6.992E-005
1572.7778,6.907E-005
1572.7976,6.846E-005
1572.8175,6.854E-005
1572.8373,6.753E-005
1572.8571,6.843E-005
1572.8770,6.736E-005
1572.8968,6.718E-005
1572.9167,6.755E-005
1572.9365,6.723E-005
1572.9563,6.696E-005
1572.9762,6.623E-005
1572.9960,6.753E-005
1573.0159,6.629E-005
1573.0357,6.710E-005
1573.0556,6.662E-005
1573.0754,6.664E-005
1573.0952,6.670E-005
1573.1151,6.713E-005
1573.1349,6.773E-005
1573.1548,6.706E-005
1573.1746,6.715E-005
1573.1944,6.755E-005
1573.2143,6.764E-005
1573.2341,6.717E-005
1573.2540,6.714E-005
1573.2738,6.723E-005
1573.2937,6.730E-005
1573.3135,6.712E-005
1573.3333,6.766E-005
1573.3532,6.812E-005
1573.3730,6.793E-005
1573.3929,6.855E-005
1573.4127,6.838E-005
1573.4325,6.906E-005
1573.4524,6.955E-005
1573.4722,7.009E-005
1573.4921,7.042E-005
1573.5119,7.034E-005
1573.5317,7.015E-005
1573.5516,7.039E-005
1573.5714,7.111E-005
1573.5913,7.175E-005
1573.6111,7.202E-005
1573.6310,7.210E-005
1573.6508,7.228E-005
1573.6706,7.289E-005
1573.6905,7.281E-005
1573.7103,7.281E-005
1573.7302,7.315E-005
1573.7500,7.442E-005
1573.7698,7.463E-005
1573.7897,7.494E-005
1573.8095,7.480E-005
1573.8294,7.560E-005
1573.8492,7.642E-005
1573.8690,7.665E-005
1573.8889,7.704E-005
1573.9087,7.701E-005
1573.9286,7.775E-005
1573.9484,7.783E-005
1573.9683,7.792E-005
1573.9881,7.818E-005
1574.0079,7.804E-005
1574.0278,7.864E-005
1574.0476,7.853E-005
1574.0675,7.846E-005
1574.0873,7.925E-005
1574.1071,7.956E-005
1574.1270,7.990E-005
1574.1468,8.017E-005
1574.1667,7.970E-005
1574.1865,8.061E-005
1574.2063,7.990E-005
1574.2262,8.058E-005
1574.2460,8.042E-005
1574.2659,8.015E-005
1574.2857,8.069E-005
1574.3056,8.077E-005
1574.3254,8.102E-005
1574.3452,8.113E-005
1574.3651,8.122E-005
1574.3849,7.970E-005
1574.4048,8.036E-005
1574.4246,8.053E-005
1574.4444,7.984E-005
1574.4643,8.059E-005
1574.4841,7.973E-005
1574.5040,7.985E-005
1574.5238,7.948E-005
1574.5437,7.835E-005
1574.5635,7.788E-005
1574.5833,7.894E-005
1574.6032,7.723E-005
1574.6230,7.796E-005
1574.6429,7.658E-005
1574.6627,7.664E-005
1574.6825,7.657E-005
1574.7024,7.693E-005
1574.7222,7.539E-005
1574.7421,7.625E-005
1574.7619,7.544E-005
1574.7817,7.404E-005
1574.8016,7.315E-005
1574.8214,7.316E-005
1574.8413,7.206E-005
1574.8611,7.188E-005
1574.8810,7.105E-005
1574.9008,6.992E-005
1574.9206,7.056E-005
1574.9405,6.927E-005
1574.9603,6.816E-005
1574.9802,6.760E-005
1575.0000,6.754E-005
1575.0198,6.703E-005
1575.0397,6.596E-005
1575.0595,6.596E-005
1575.0794,6.499E-005
1575.0992,6.413E-005
1575.1190,6.343E-005
1575.1389,6.308E-005
1575.1587,6.233E-005
1575.1786,6.180E-005
1575.1984,6.118E-005
1575.2183,6.051E-005
1575.2381,5.908E-005
1575.2579,5.848E-005
1575.2778,5.785E-005
1575.2976,5.691E-005
1575.3175,5.692E-005
1575.3373,5.530E-005
1575.3571,5.499E-005
1575.3770,5.462E-005
1575.3968,5.439E-005
1575.4167,5.388E-005
1575.4365,5.304E-005
1575.4563,5.257E-005
1575.4762,5.213E-005
1575.4960,5.173E-005
1575.5159,5.139E-005
1575.5357,5.078E-005
1575.5556,5.042E-005
1575.5754,4.963E-005
1575.5952,4.933E-005
1575.6151,4.863E-005
1575.6349,4.812E-005
1575.6548,4.753E-005
1575.6746,4.736E-005
1575.6944,4.683E-005
1575.7143,4.595E-005
1575.7341,4.628E-005
1575.7540,4.584E-005
1575.7738,4.501E-005
1575.7937,4.474E-005
1575.8135,4.460E-005
1575.8333,4.472E-005
1575.8532,4.372E-005
1575.8730,4.393E-005
1575.8929,4.370E-005
1575.9127,4.326E-005
1575.9325,4.314E-005
1575.9524,4.294E-005
1575.9722,4.268E-005
1575.9921,4.222E-005
1576.0119,4.174E-005
1576.0317,4.233E-005
1576.0516,4.172E-005
1576.0714,4.184E-005
1576.0913,4.142E-005
1576.1111,4.127E-005
1576.1310,4.091E-005
1576.1508,4.121E-005
1576.1706,4.141E-005
1576.1905,4.071E-005
1576.2103,4.097E-005
1576.2302,4.049E-005
1576.2500,4.070E-005
1576.2698,4.036E-005
1576.2897,4.089E-005
1576.3095,4.101E-005
1576.3294,4.098E-005
1576.3492,4.099E-005
1576.3690,4.057E-005
1576.3889,4.111E-005
1576.4087,4.067E-005
1576.4286,4.088E-005
1576.4484,4.152E-005
1576.4683,4.109E-005
1576.4881,4.146E-005
1576.5079,4.153E-005
1576.5278,4.149E-005
1576.5476,4.188E-005
1576.5675,4.216E-005
1576.5873,4.168E-005
1576.6071,4.237E-005
1576.6270,4.267E-005
1576.6468,4.266E-005
1576.6667,4.302E-005
1576.6865,4.340E-005
1576.7063,4.325E-005
1576.7262,4.355E-005
1576.7460,4.373E-005
1576.7659,4.331E-005
1576.7857,4.407E-005
1576.8056,4.423E-005
1576.8254,4.427E-005
1576.8452,4.431E-005
1576.8651,4.422E-005
1576.8849,4.477E-005
1576.9048,4.566E-005
1576.9246,4.538E-005
1576.9444,4.575E-005
1576.9643,4.593E-005
1576.9841,4.602E-005
1577.0040,4.625E-005
1577.0238,4.700E-005
1577.0437,4.685E-005
1577.0635,4.710E-005
1577.0833,4.762E-005
1577.1032,4.718E-005
1577.1230,4.775E-005
1577.1429,4.794E-005
1577.1627,4.785E-005
1577.1825,4.881E-005
1577.2024,4.841E-005
1577.2222,4.840E-005
1577.2421,4.845E-005
1577.2619,4.858E-005
1577.2817,4.885E-005
1577.3016,4.871E-005
1577.3214,4.899E-005
1577.3413,4.888E-005
1577.3611,4.916E-005
1577.3810,4.880E-005
1577.4008,4.910E-005
1577.4206,4.905E-005
1577.4405,4.941E-005
1577.4603,4.920E-005
1577.4802,4.962E-005
1577.5000,4.923E-005
1577.5198,4.911E-005
1577.5397,4.954E-005
1577.5595,4.925E-005
1577.5794,4.913E-005
1577.5992,4.927E-005
1577.6190,4.869E-005
1577.6389,4.872E-005
1577.6587,4.840E-005
1577.6786,4.802E-005
1577.6984,4.778E-005
1577.7183,4.713E-005
1577.7381,4.723E-005
1577.7579,4.698E-005
1577.7778,4.686E-005
1577.7976,4.691E-005
1577.8175,4.660E-005
1577.8373,4.682E-005
1577.8571,4.582E-005
1577.8770,4.591E-005
1577.8968,4.541E-005
1577.9167,4.516E-005
1577.9365,4.521E-005
1577.9563,4.467E-005
1577.9762,4.399E-005
1577.9960,4.372E-005
1578.0159,4.336E-005
1578.0357,4.275E-005
1578.0556,4.305E-005
1578.0754,4.246E-005
1578.0952,4.196E-005
1578.1151,4.105E-005
1578.1349,4.068E-005
1578.1548,4.093E-005
1578.1746,4.041E-005
1578.1944,3.989E-005
1578.2143,3.965E-005
1578.2341,3.900E-005
1578.2540,3.896E-005
1578.2738,3.842E-005
1578.2937,3.816E-005
1578.3135,3.800E-005
1578.3333,3.727E-005
1578.3532,3.709E-005
1578.3730,3.710E-005
1578.3929,3.615E-005
1578.4127,3.594E-005
1578.4325,3.536E-005
1578.4524,3.499E-005
1578.4722,3.426E-005
1578.4921,3.422E-005
1578.5119,3.415E-005
1578.5317,3.301E-005
1578.5516,3.290E-005
1578.5714,3.213E-005
1578.5913,3.228E-005
1578.6111,3.189E-005
1578.6310,3.194E-005
1578.6508,3.191E-005
1578.6706,3.111E-005
1578.6905,3.093E-005
1578.7103,3.057E-005
1578.7302,3.077E-005
1578.7500,2.972E-005
1578.7698,2.971E-005
1578.7897,2.947E-005
1578.8095,2.877E-005
1578.8294,2.879E-005
1578.8492,2.844E-005
1578.8690,2.834E-005
1578.8889,2.781E-005
1578.9087,2.757E-005
1578.9286,2.742E-005
1578.9484,2.654E-005
1578.9683,2.720E-005
1578.9881,2.683E-005
1579.0079,2.685E-005
1579.0278,2.611E-005
1579.0476,2.642E-005
1579.0675,2.573E-005
1579.0873,2.554E-005
1579.1071,2.608E-005
1579.1270,2.553E-005
1579.1468,2.599E-005
1579.1667,2.565E-005
1579.1865,2.560E-005
1579.2063,2.531E-005
1579.2262,2.526E-005
1579.2460,2.452E-005
1579.2659,2.436E-005
1579.2857,2.462E-005
1579.3056,2.460E-005
1579.3254,2.449E-005
1579.3452,2.448E-005
1579.3651,2.391E-005
1579.3849,2.395E-005
1579.4048,2.404E-005
1579.4246,2.433E-005
1579.4444,2.395E-005
1579.4643,2.444E-005
1579.4841,2.428E-005
1579.5040,2.421E-005
1579.5238,2.453E-005
1579.5437,2.439E-005
1579.5635,2.446E-005
1579.5833,2.480E-005
1579.6032,2.446E-005
1579.6230,2.444E-005
1579.6429,2.428E-005
1579.6627,2.470E-005
1579.6825,2.487E-005
1579.7024,2.445E-005
1579.7222,2.472E-005
1579.7421,2.505E-005
1579.7619,2.473E-005
1579.7817,2.460E-005
1579.8016,2.516E-005
1579.8214,2.506E-005
1579.8413,2.553E-005
1579.8611,2.532E-005
1579.8810,2.549E-005
1579.9008,2.615E-005
1579.9206,2.630E-005
1579.9405,2.594E-005
1579.9603,2.609E-005
1579.9802,2.643E-005
1580.0000,2.658E-005
1580.0198,2.630E-005
1580.0397,2.688E-005
1580.0595,2.689E-005
1580.0794,2.652E-005
1580.0992,2.715E-005
1580.1190,2.659E-005
1580.1389,2.716E-005
1580.1587,2.711E-005
1580.1786,2.758E-005
1580.1984,2.766E-005
1580.2183,2.770E-005
1580.2381,2.805E-005
1580.2579,2.742E-005
1580.2778,2.812E-005
1580.2976,2.853E-005
1580.3175,2.839E-005
1580.3373,2.814E-005
1580.3571,2.829E-005
1580.3770,2.875E-005
1580.3968,2.833E-005
1580.4167,2.821E-005
1580.4365,2.859E-005
1580.4563,2.920E-005
1580.4762,2.849E-005
1580.4960,2.856E-005
1580.5159,2.855E-005
1580.5357,2.876E-005
1580.5556,2.834E-005
1580.5754,2.852E-005
1580.5952,2.893E-005
1580.6151,2.861E-005
1580.6349,2.856E-005
1580.6548,2.928E-005
1580.6746,2.910E-005
1580.6944,2.890E-005
1580.7143,2.921E-005
1580.7341,2.852E-005
1580.7540,2.926E-005
1580.7738,2.891E-005
1580.7937,2.891E-005
1580.8135,2.862E-005
1580.8333,2.854E-005
1580.8532,2.833E-005
1580.8730,2.767E-005
1580.8929,2.746E-005
1580.9127,2.791E-005
1580.9325,2.846E-005
1580.9524,2.768E-005
1580.9722,2.730E-005
1580.9921,2.722E-005
1581.0119,2.718E-005
1581.0317,2.675E-005
1581.0516,2.669E-005
1581.0714,2.674E-005
1581.0913,2.691E-005
1581.1111,2.597E-005
1581.1310,2.618E-005
1581.1508,2.545E-005
1581.1706,2.569E-005
1581.1905,2.584E-005
1581.2103,2.535E-005
1581.2302,2.548E-005
1581.2500,2.526E-005
1581.2698,2.483E-005
1581.2897,2.456E-005
1581.3095,2.425E-005
1581.3294,2.481E-005
1581.3492,2.388E-005
1581.3690,2.346E-005
1581.3889,2.363E-005
1581.4087,2.282E-005
1581.4286,2.233E-005
1581.4484,2.289E-005
1581.4683,2.239E-005
1581.4881,2.284E-005
1581.5079,2.229E-005
1581.5278,2.197E-005
1581.5476,2.186E-005
1581.5675,2.165E-005
1581.5873,2.133E-005
1581.6071,2.154E-005
1581.6270,2.112E-005
1581.6468,2.073E-005
1581.6667,2.031E-005
1581.6865,1.997E-005
1581.7063,1.984E-005
1581.7262,1.968E-005
1581.7460,1.922E-005
1581.7659,1.880E-005
1581.7857,1.884E-005
1581.8056,1.863E-005
1581.8254,1.826E-005
1581.8452,1.814E-005
1581.8651,1.782E-005
1581.8849,1.779E-005
1581.9048,1.753E-005
1581.9246,1.792E-005
1581.9444,1.736E-005
1581.9643,1.710E-005
1581.9841,1.733E-005
1582.0040,1.721E-005
1582.0238,1.690E-005
1582.0437,1.656E-005
1582.0635,1.640E-005
1582.0833,1.583E-005
1582.1032,1.571E-005
1582.1230,1.561E-005
1582.1429,1.522E-005
1582.1627,1.561E-005
1582.1825,1.535E-005
1582.2024,1.534E-005
1582.2222,1.548E-005
1582.2421,1.489E-005
1582.2619,1.476E-005
1582.2817,1.427E-005
1582.3016,1.494E-005
1582.3214,1.476E-005
1582.3413,1.501E-005
1582.3611,1.498E-005
1582.3810,1.486E-005
1582.4008,1.445E-005
1582.4206,1.420E-005
1582.4405,1.425E-005
1582.4603,1.449E-005
1582.4802,1.457E-005
1582.5000,1.410E-005
1582.5198,1.424E-005
1582.5397,1.405E-005
1582.5595,1.422E-005
1582.5794,1.397E-005
1582.5992,1.380E-005
1582.6190,1.406E-005
1582.6389,1.423E-005
1582.6587,1.405E-005
1582.6786,1.380E-005
1582.6984,1.366E-005
1582.7183,1.443E-005
1582.7381,1.399E-005
1582.7579,1.395E-005
1582.7778,1.476E-005
1582.7976,1.403E-005
1582.8175,1.461E-005
1582.8373,1.457E-005
1582.8571,1.469E-005
1582.8770,1.468E-005
1582.8968,1.447E-005
1582.9167,1.431E-005
1582.9365,1.457E-005
1582.9563,1.426E-005
1582.9762,1.463E-005
1582.9960,1.482E-005
1583.0159,1.469E-005
1583.0357,1.473E-005
1583.0556,1.472E-005
1583.0754,1.455E-005
1583.0952,1.503E-005
1583.1151,1.510E-005
1583.1349,1.489E-005
1583.1548,1.515E-005
1583.1746,1.538E-005
1583.1944,1.537E-005
1583.2143,1.532E-005
1583.2341,1.529E-005
1583.2540,1.545E-005
1583.2738,1.543E-005
1583.2937,1.482E-005
1583.3135,1.537E-005
1583.3333,1.541E-005
1583.3532,1.597E-005
1583.3730,1.525E-005
1583.3929,1.587E-005
1583.4127,1.577E-005
1583.4325,1.574E-005
1583.4524,1.590E-005
1583.4722,1.576E-005
1583.4921,1.574E-005
1583.5119,1.584E-005
1583.5317,1.631E-005
1583.5516,1.618E-005
1583.5714,1.627E-005
1583.5913,1.636E-005
1583.6111,1.656E-005
1583.6310,1.611E-005
1583.6508,1.640E-005
1583.6706,1.620E-005
1583.6905,1.653E-005
1583.7103,1.610E-005
1583.7302,1.632E-005
1583.7500,1.604E-005
1583.7698,1.596E-005
1583.7897,1.635E-005
1583.8095,1.609E-005
1583.8294,1.579E-005
1583.8492,1.623E-005
1583.8690,1.610E-005
1583.8889,1.643E-005
1583.9087,1.625E-005
1583.9286,1.623E-005
1583.9484,1.593E-005
1583.9683,1.614E-005
1583.9881,1.579E-005
1584.0079,1.590E-005
1584.0278,1.621E-005
1584.0476,1.578E-005
1584.0675,1.593E-005
1584.0873,1.572E-005
1584.1071,1.575E-005
1584.1270,1.586E-005
1584.1468,1.601E-005
1584.1667,1.597E-005
1584.1865,1.531E-005
1584.2063,1.565E-005
1584.2262,1.527E-005
1584.2460,1.541E-005
1584.2659,1.502E-005
1584.2857,1.510E-005
1584.3056,1.549E-005
1584.3254,1.536E-005
1584.3452,1.487E-005
1584.3651,1.471E-005
1584.3849,1.456E-005
1584.4048,1.453E-005
1584.4246,1.459E-005
1584.4444,1.424E-005
1584.4643,1.410E-005
1584.4841,1.469E-005
1584.5040,1.402E-005
1584.5238,1.408E-005
1584.5437,1.357E-005
1584.5635,1.351E-005
1584.5833,1.368E-005
1584.6032,1.355E-005
1584.6230,1.347E-005
1584.6429,1.289E-005
1584.6627,1.338E-005
1584.6825,1.258E-005
1584.7024,1.246E-005
1584.7222,1.257E-005
1584.7421,1.228E-005
1584.7619,1.238E-005
1584.7817,1.216E-005
1584.8016,1.227E-005
1584.8214,1.165E-005
1584.8413,1.175E-005
1584.8611,1.101E-005
1584.8810,1.105E-005
1584.9008,1.076E-005
1584.9206,1.062E-005
1584.9405,1.124E-005
1584.9603,1.062E-005
1584.9802,1.054E-005
1585.0000,1.025E-005
1585.0198,1.027E-005
1585.0397,1.008E-005
1585.0595,1.016E-005
1585.0794,9.586E-006
1585.0992,1.030E-005
1585.1190,9.739E-006
1585.1389,9.707E-006
1585.1587,9.728E-006
1585.1786,9.569E-006
1585.1984,9.713E-006
1585.2183,9.602E-006
1585.2381,9.251E-006
1585.2579,9.269E-006
1585.2778,9.173E-006
1585.2976,8.888E-006
1585.3175,8.867E-006
1585.3373,8.618E-006
1585.3571,9.057E-006
1585.3770,8.479E-006
1585.3968,8.384E-006
1585.4167,8.086E-006
1585.4365,8.493E-006
1585.4563,8.759E-006
1585.4762,8.383E-006
1585.4960,7.809E-006
1585.5159,7.881E-006
1585.5357,7.770E-006
1585.5556,7.771E-006
1585.5754,8.000E-006
1585.5952,8.258E-006
1585.6151,7.873E-006
1585.6349,7.997E-006
1585.6548,7.708E-006
1585.6746,7.708E-006
1585.6944,8.078E-006
1585.7143,7.743E-006
1585.7341,8.059E-006
1585.7540,7.424E-006
1585.7738,8.223E-006
1585.7937,8.026E-006
1585.8135,7.519E-006
1585.8333,8.031E-006
1585.8532,7.717E-006
1585.8730,7.900E-006
1585.8929,7.743E-006
1585.9127,7.737E-006
1585.9325,7.243E-006
1585.9524,7.779E-006
1585.9722,7.982E-006
1585.9921,7.449E-006
1586.0119,7.943E-006
1586.0317,8.283E-006
1586.0516,7.935E-006
1586.0714,7.855E-006
1586.0913,7.991E-006
1586.1111,7.816E-006
1586.1310,8.198E-006
1586.1508,8.031E-006
1586.1706,8.087E-006
1586.1905,8.647E-006
1586.2103,8.408E-006
1586.2302,8.255E-006
1586.2500,8.346E-006
1586.2698,8.055E-006
1586.2897,8.183E-006
1586.3095,8.378E-006
1586.3294,7.989E-006
1586.3492,8.292E-006
1586.3690,8.259E-006
1586.3889,8.574E-006
1586.4087,7.986E-006
1586.4286,8.358E-006
1586.4484,8.561E-006
1586.4683,8.647E-006
1586.4881,8.764E-006
1586.5079,8.516E-006
1586.5278,8.800E-006
1586.5476,9.068E-006
1586.5675,8.708E-006
1586.5873,8.518E-006
1586.6071,8.403E-006
1586.6270,8.817E-006
1586.6468,8.814E-006
1586.6667,8.474E-006
1586.6865,8.603E-006
1586.7063,8.646E-006
1586.7262,8.497E-006
1586.7460,8.768E-006
1586.7659,9.057E-006
1586.7857,8.913E-006
1586.8056,9.229E-006
1586.8254,8.572E-006
1586.8452,9.200E-006
1586.8651,8.550E-006
1586.8849,8.936E-006
1586.9048,9.179E-006
1586.9246,8.954E-006
1586.9444,9.045E-006
1586.9643,9.058E-006
1586.9841,9.011E-006
1587.0040,9.502E-006
1587.0238,9.104E-006
1587.0437,8.978E-006
1587.0635,8.947E-006
1587.0833,8.804E-006
1587.1032,8.884E-006
1587.1230,8.905E-006
1587.1429,9.213E-006
1587.1627,8.627E-006
1587.1825,9.467E-006
1587.2024,9.011E-006
1587.2222,8.641E-006
1587.2421,8.609E-006
1587.2619,9.442E-006
1587.2817,8.614E-006
1587.3016,8.572E-006
1587.3214,8.741E-006
1587.3413,8.965E-006
1587.3611,8.163E-006
1587.3810,8.442E-006
1587.4008,8.000E-006
1587.4206,8.284E-006
1587.4405,8.263E-006
1587.4603,8.768E-006
1587.4802,8.682E-006
1587.5000,8.572E-006
1587.5198,8.615E-006
1587.5397,8.385E-006
1587.5595,8.428E-006
1587.5794,8.431E-006
1587.5992,8.154E-006
1587.6190,7.850E-006
1587.6389,8.041E-006
1587.6587,8.189E-006
1587.6786,7.746E-006
1587.6984,7.638E-006
1587.7183,7.587E-006
1587.7381,7.601E-006
1587.7579,7.644E-006
1587.7778,7.269E-006
1587.7976,7.640E-006
1587.8175,7.151E-006
1587.8373,7.347E-006
1587.8571,6.736E-006
1587.8770,6.982E-006
1587.8968,6.778E-006
1587.9167,6.756E-006
1587.9365,6.785E-006
1587.9563,6.956E-006
1587.9762,6.978E-006
1587.9960,6.447E-006
1588.0159,6.488E-006
1588.0357,6.311E-006
1588.0556,6.136E-006
1588.0754,6.220E-006
1588.0952,6.119E-006
1588.1151,5.736E-006
1588.1349,5.857E-006
1588.1548,6.150E-006
1588.1746,6.143E-006
1588.1944,5.762E-006
1588.2143,5.838E-006
1588.2341,5.942E-006
1588.2540,4.807E-006
1588.2738,5.873E-006
1588.2937,5.610E-006
1588.3135,5.083E-006
1588.3333,5.225E-006
1588.3532,4.787E-006
1588.3730,5.370E-006
1588.3929,5.006E-006
1588.4127,5.287E-006
1588.4325,5.105E-006
1588.4524,4.832E-006
1588.4722,5.274E-006
1588.4921,4.955E-006
1588.5119,4.835E-006
1588.5317,4.424E-006
1588.5516,4.530E-006
1588.5714,4.131E-006
1588.5913,4.473E-006
1588.6111,4.770E-006
1588.6310,4.914E-006
1588.6508,4.569E-006
1588.6706,4.809E-006
1588.6905,4.615E-006
1588.7103,4.765E-006
1588.7302,4.621E-006
1588.7500,4.702E-006
1588.7698,4.191E-006
1588.7897,4.307E-006
1588.8095,4.386E-006
1588.8294,3.841E-006
1588.8492,4.325E-006
1588.8690,4.036E-006
1588.8889,3.958E-006
1588.9087,4.153E-006
1588.9286,4.501E-006
1588.9484,4.400E-006
1588.9683,4.006E-006
1588.9881,4.025E-006
1589.0079,4.734E-006
1589.0278,4.279E-006
1589.0476,4.446E-006
1589.0675,3.974E-006
1589.0873,4.139E-006
1589.1071,4.114E-006
1589.1270,4.724E-006
1589.1468,4.487E-006
1589.1667,4.608E-006
1589.1865,4.655E-006
1589.2063,4.168E-006
1589.2262,4.151E-006
1589.2460,4.304E-006
1589.2659,4.763E-006
1589.2857,4.414E-006
1589.3056,4.681E-006
1589.3254,4.686E-006
1589.3452,4.563E-006
1589.3651,4.221E-006
1589.3849,4.191E-006
1589.4048,4.073E-006
1589.4246,4.631E-006
1589.4444,3.872E-006
1589.4643,4.732E-006
1589.4841,4.557E-006
1589.5040,4.687E-006
1589.5238,4.467E-006
1589.5437,4.578E-006
1589.5635,4.274E-006
1589.5833,4.091E-006
1589.6032,4.396E-006
1589.6230,4.546E-006
1589.6429,4.760E-006
1589.6627,4.766E-006
1589.6825,4.761E-006
1589.7024,4.743E-006
1589.7222,4.561E-006
1589.7421,4.681E-006
1589.7619,4.662E-006
1589.7817,4.756E-006
1589.8016,4.689E-006
1589.8214,4.986E-006
1589.8413,5.011E-006
1589.8611,4.917E-006
1589.8810,4.724E-006
1589.9008,4.539E-006
1589.9206,4.699E-006
1589.9405,4.615E-006
1589.9603,4.643E-006
1589.9802,4.951E-006
1590.0000,4.879E-006
1590.0198,4.835E-006
1590.0397,4.874E-006
1590.0595,4.985E-006
1590.0794,5.183E-006
1590.0992,5.011E-006
1590.1190,4.648E-006
1590.1389,5.105E-006
1590.1587,4.994E-006
1590.1786,5.217E-006
1590.1984,4.866E-006
1590.2183,5.087E-006
1590.2381,4.760E-006
1590.2579,4.617E-006
1590.2778,4.573E-006
1590.2976,5.151E-006
1590.3175,5.095E-006
1590.3373,5.623E-006
1590.3571,4.809E-006
1590.3770,5.236E-006
1590.3968,4.735E-006
1590.4167,4.985E-006
1590.4365,5.026E-006
1590.4563,4.792E-006
1590.4762,4.740E-006
1590.4960,4.719E-006
1590.5159,4.864E-006
1590.5357,4.799E-006
1590.5556,4.828E-006
1590.5754,4.716E-006
1590.5952,5.087E-006
1590.6151,4.905E-006
1590.6349,4.168E-006
1590.6548,4.936E-006
1590.6746,4.599E-006
1590.6944,4.867E-006
1590.7143,4.828E-006
1590.7341,4.523E-006
1590.7540,4.350E-006
1590.7738,4.318E-006
1590.7937,4.445E-006
1590.8135,4.819E-006
1590.8333,4.252E-006
1590.8532,4.268E-006
1590.8730,4.383E-006
1590.8929,4.378E-006
1590.9127,4.141E-006
1590.9325,3.880E-006
1590.9524,4.077E-006
1590.9722,3.647E-006
1590.9921,4.198E-006
1591.0119,4.246E-006
1591.0317,4.023E-006
1591.0516,4.135E-006
1591.0714,3.857E-006
1591.0913,3.636E-006
1591.1111,3.849E-006
1591.1310,4.146E-006
1591.1508,3.774E-006
1591.1706,4.113E-006
1591.1905,3.592E-006
1591.2103,4.036E-006
1591.2302,3.403E-006
1591.2500,3.477E-006
1591.2698,3.603E-006
1591.2897,3.200E-006
1591.3095,3.427E-006
1591.3294,3.614E-006
1591.3492,3.447E-006
1591.3690,3.440E-006
1591.3889,2.992E-006
1591.4087,2.968E-006
1591.4286,2.909E-006
1591.4484,3.567E-006
1591.4683,3.206E-006
1591.4881,2.745E-006
1591.5079,2.672E-006
1591.5278,3.051E-006
1591.5476,3.027E-006
1591.5675,2.857E-006
1591.5873,2.938E-006
1591.6071,2.717E-006
1591.6270,2.828E-006
1591.6468,2.593E-006
1591.6667,3.215E-006
1591.6865,2.837E-006
1591.7063,2.969E-006
1591.7262,2.675E-006
1591.7460,2.300E-006
1591.7659,2.805E-006
1591.7857,2.512E-006
1591.8056,2.491E-006
1591.8254,2.427E-006
1591.8452,2.288E-006
1591.8651,2.747E-006
1591.8849,3.021E-006
1591.9048,2.769E-006
1591.9246,2.491E-006
1591.9444,2.426E-006
1591.9643,2.401E-006
1591.9841,2.712E-006
1592.0040,2.347E-006
1592.0238,3.018E-006
1592.0437,2.449E-006
1592.0635,2.484E-006
1592.0833,2.490E-006
1592.1032,2.640E-006
1592.1230,2.604E-006
1592.1429,2.674E-006
1592.1627,2.339E-006
1592.1825,2.375E-006
1592.2024,2.451E-006
1592.2222,2.543E-006
1592.2421,2.391E-006
1592.2619,2.200E-006
1592.2817,2.418E-006
1592.3016,2.381E-006
1592.3214,2.332E-006
1592.3413,2.568E-006
1592.3611,2.473E-006
1592.3810,2.104E-006
1592.4008,2.072E-006
1592.4206,2.463E-006
1592.4405,2.162E-006
1592.4603,2.248E-006
1592.4802,2.103E-006
1592.5000,2.403E-006
1592.5198,2.550E-006
1592.5397,2.359E-006
1592.5595,2.244E-006
1592.5794,2.163E-006
1592.5992,2.450E-006
1592.6190,2.302E-006
1592.6389,2.417E-006
1592.6587,2.656E-006
1592.6786,2.053E-006
1592.6984,2.152E-006
1592.7183,2.845E-006
1592.7381,2.699E-006
1592.7579,2.164E-006
1592.7778,2.313E-006
1592.7976,2.078E-006
1592.8175,2.382E-006
1592.8373,2.480E-006
1592.8571,2.010E-006
1592.8770,2.872E-006
1592.8968,2.643E-006
1592.9167,2.456E-006
1592.9365,2.873E-006
1592.9563,2.470E-006
1592.9762,2.813E-006
1592.9960,2.817E-006
1593.0159,2.833E-006
1593.0357,2.303E-006
1593.0556,2.752E-006
1593.0754,2.701E-006
1593.0952,2.813E-006
1593.1151,2.571E-006
1593.1349,2.697E-006
1593.1548,2.505E-006
1593.1746,2.779E-006
1593.1944,2.706E-006
1593.2143,3.372E-006
1593.2341,2.257E-006
1593.2540,2.597E-006
1593.2738,2.602E-006
1593.2937,2.545E-006
1593.3135,2.737E-006
1593.3333,2.293E-006
1593.3532,3.151E-006
1593.3730,2.936E-006
1593.3929,2.553E-006
1593.4127,2.676E-006
1593.4325,2.615E-006
1593.4524,2.831E-006
1593.4722,2.568E-006
1593.4921,2.935E-006
1593.5119,2.315E-006
1593.5317,2.938E-006
1593.5516,3.179E-006
1593.5714,3.023E-006
1593.5913,2.892E-006
1593.6111,2.822E-006
1593.6310,2.801E-006
1593.6508,2.878E-006
1593.6706,3.147E-006
1593.6905,3.004E-006
1593.7103,2.667E-006
1593.7302,3.078E-006
1593.7500,3.111E-006
1593.7698,2.273E-006
1593.7897,3.090E-006
1593.8095,2.101E-006
1593.8294,2.684E-006
1593.8492,2.440E-006
1593.8690,2.060E-006
1593.8889,2.600E-006
1593.9087,2.679E-006
1593.9286,2.450E-006
1593.9484,2.658E-006
1593.9683,2.373E-006
1593.9881,2.356E-006
1594.0079,2.370E-006
1594.0278,2.416E-006
1594.0476,2.178E-006
1594.0675,2.254E-006
1594.0873,2.327E-006
1594.1071,2.685E-006
1594.1270,2.777E-006
1594.1468,2.163E-006
1594.1667,2.348E-006
1594.1865,2.267E-006
1594.2063,2.657E-006
1594.2262,2.364E-006
1594.2460,2.427E-006
1594.2659,2.308E-006
1594.2857,2.289E-006
1594.3056,2.190E-006
1594.3254,2.206E-006
1594.3452,1.906E-006
1594.3651,1.877E-006
1594.3849,2.167E-006
1594.4048,2.098E-006
1594.4246,1.904E-006
1594.4444,2.066E-006
1594.4643,2.040E-006
1594.4841,1.845E-006
1594.5040,2.114E-006
1594.5238,1.301E-006
1594.5437,2.221E-006
1594.5635,2.062E-006
1594.5833,1.935E-006
1594.6032,1.911E-006
1594.6230,1.822E-006
1594.6429,1.803E-006
1594.6627,1.536E-006
1594.6825,1.941E-006
1594.7024,1.826E-006
1594.7222,1.678E-006
1594.7421,1.776E-006
1594.7619,1.525E-006
1594.7817,1.687E-006
1594.8016,1.922E-006
1594.8214,1.438E-006
1594.8413,1.359E-006
1594.8611,1.740E-006
1594.8810,1.791E-006
1594.9008,1.698E-006
1594.9206,1.742E-006
1594.9405,1.376E-006
1594.9603,1.790E-006
1594.9802,2.021E-006
1595.0000,1.665E-006
1595.0198,1.625E-006
1595.0397,1.537E-006
1595.0595,1.357E-006
1595.0794,1.565E-006
1595.0992,1.023E-006
1595.1190,1.256E-006
1595.1389,1.892E-006
1595.1587,1.357E-006
1595.1786,1.450E-006
1595.1984,1.782E-006
1595.2183,1.053E-006
1595.2381,1.659E-006
1595.2579,1.424E-006
1595.2778,1.319E-006
1595.2976,1.493E-006
1595.3175,1.122E-006
1595.3373,1.212E-006
1595.3571,1.669E-006
1595.3770,1.301E-006
1595.3968,1.037E-006
1595.4167,1.128E-006
1595.4365,1.097E-006
1595.4563,1.570E-006
1595.4762,1.373E-006
1595.4960,1.105E-006
1595.5159,1.502E-006
1595.5357,1.692E-006
1595.5556,1.196E-006
1595.5754,1.166E-006
1595.5952,1.440E-006
1595.6151,9.583E-007
1595.6349,1.565E-006
1595.6548,1.364E-006
1595.6746,1.331E-006
1595.6944,1.336E-006
1595.7143,1.669E-006
1595.7341,1.991E-006
1595.7540,1.762E-006
1595.7738,1.534E-006
1595.7937,9.571E-007
1595.8135,1.113E-006
1595.8333,1.314E-006
1595.8532,1.539E-006
1595.8730,1.597E-006
1595.8929,1.751E-006
1595.9127,1.409E-006
1595.9325,9.382E-007
1595.9524,1.497E-006
1595.9722,1.259E-006
1595.9921,1.455E-006
1596.0119,1.593E-006
1596.0317,1.739E-006
1596.0516,1.169E-006
1596.0714,1.321E-006
1596.0913,1.914E-006
1596.1111,1.583E-006
1596.1310,1.552E-006
1596.1508,1.561E-006
1596.1706,1.586E-006
1596.1905,1.401E-006
1596.2103,1.655E-006
1596.2302,1.783E-006
1596.2500,9.689E-007
1596.2698,1.366E-006
1596.2897,9.959E-007
1596.3095,1.228E-006
1596.3294,1.811E-006
1596.3492,1.740E-006
1596.3690,1.305E-006
1596.3889,1.842E-006
1596.4087,1.833E-006
1596.4286,1.220E-006
1596.4484,1.149E-006
1596.4683,1.184E-006
1596.4881,1.658E-006
1596.5079,1.553E-006
1596.5278,2.009E-006
1596.5476,1.799E-006
1596.5675,1.240E-006
1596.5873,1.996E-006
1596.6071,1.403E-006
1596.6270,1.457E-006
1596.6468,1.963E-006
1596.6667,1.015E-006
1596.6865,1.216E-006
1596.7063,1.781E-006
1596.7262,1.568E-006
1596.7460,1.702E-006
1596.7659,1.408E-006
1596.7857,2.016E-006
1596.8056,1.773E-006
1596.8254,1.761E-006
1596.8452,1.440E-006
1596.8651,1.113E-006
1596.8849,1.724E-006
1596.9048,1.548E-006
1596.9246,1.494E-006
1596.9444,1.973E-006
1596.9643,1.782E-006
1596.9841,1.620E-006
1597.0040,1.598E-006
1597.0238,1.486E-006
1597.0437,1.485E-006
1597.0635,1.837E-006
1597.0833,1.164E-006
1597.1032,1.339E-006
1597.1230,1.458E-006
1597.1429,1.345E-006
1597.1627,1.692E-006
1597.1825,1.004E-006
1597.2024,1.146E-006
1597.2222,1.462E-006
1597.2421,1.658E-006
1597.2619,1.287E-006
1597.2817,1.271E-006
1597.3016,1.719E-006
1597.3214,1.642E-006
1597.3413,1.298E-006
1597.3611,1.024E-006
1597.3810,1.039E-006
1597.4008,1.608E-006
1597.4206,1.023E-006
1597.4405,1.027E-006
1597.4603,1.007E-006
1597.4802,1.232E-006
1597.5000,1.614E-006
1597.5198,1.619E-006
1597.5397,1.470E-006
1597.5595,1.204E-006
1597.5794,1.119E-006
1597.5992,9.630E-007
1597.6190,1.295E-006
1597.6389,1.416E-006
1597.6587,1.390E-006
1597.6786,7.808E-007
1597.6984,1.841E-006
1597.7183,9.657E-007
1597.7381,8.486E-007
1597.7579,1.292E-006
1597.7778,1.402E-006
1597.7976,9.608E-007
1597.8175,7.994E-007
1597.8373,1.059E-006
1597.8571,1.142E-006
1597.8770,1.195E-006
1597.8968,1.005E-006
1597.9167,9.754E-007
1597.9365,1.176E-006
1597.9563,9.957E-007
1597.9762,6.821E-007
1597.9960,1.024E-006
1598.0159,1.133E-006
1598.0357,1.030E-006
1598.0556,3.129E-007
1598.0754,1.001E-006
1598.0952,1.142E-006
1598.1151,9.757E-007
1598.1349,8.708E-007
1598.1548,9.396E-007
1598.1746,8.606E-007
1598.1944,1.031E-006
1598.2143,1.021E-006
1598.2341,9.879E-007
1598.2540,6.380E-007
1598.2738,7.036E-007
1598.2937,8.531E-007
1598.3135,8.033E-007
1598.3333,7.794E-007
1598.3532,4.203E-007
1598.3730,7.297E-007
1598.3929,1.475E-006
1598.4127,8.092E-007
1598.4325,7.346E-007
1598.4524,1.035E-006
1598.4722,4.290E-007
1598.4921,6.557E-007
1598.5119,7.622E-007
1598.5317,8.041E-007
1598.5516,7.065E-007
1598.5714,6.280E-007
1598.5913,9.793E-007
1598.6111,8.494E-007
1598.6310,4.035E-007
1598.6508,1.074E-006
1598.6706,4.883E-007
1598.6905,9.988E-007
1598.7103,1.010E-006
1598.7302,1.143E-006
1598.7500,1.133E-006
1598.7698,1.138E-006
1598.7897,5.014E-007
1598.8095,9.132E-007
1598.8294,1.030E-006
1598.8492,7.867E-007
1598.8690,7.152E-007
1598.8889,6.555E-007
1598.9087,1.002E-006
1598.9286,6.165E-007
1598.9484,5.320E-007
1598.9683,8.600E-007
1598.9881,1.157E-006
1599.0079,5.603E-007
1599.0278,1.153E-006
1599.0476,7.083E-007
1599.0675,9.403E-007
1599.0873,5.088E-007
1599.1071,9.771E-007
1599.1270,8.691E-007
1599.1468,6.663E-007
1599.1667,9.588E-007
1599.1865,1.345E-006
1599.2063,7.085E-007
1599.2262,9.410E-007
1599.2460,1.403E-006
1599.2659,7.539E-007
1599.2857,1.229E-006
1599.3056,9.290E-007
1599.3254,1.116E-006
1599.3452,1.082E-006
1599.3651,9.676E-007
1599.3849,1.025E-006
1599.4048,7.794E-007
1599.4246,1.085E-006
1599.4444,8.887E-007
1599.4643,1.147E-006
1599.4841,1.524E-006
1599.5040,4.537E-007
1599.5238,7.126E-007
1599.5437,6.435E-007
1599.5635,9.092E-007
1599.5833,8.632E-007
1599.6032,8.542E-007
1599.6230,2.505E-007
1599.6429,1.179E-006
1599.6627,7.713E-007
1599.6825,9.753E-007
1599.7024,1.152E-006
1599.7222,1.079E-006
1599.7421,1.447E-006
1599.7619,1.387E-006
1599.7817,6.529E-007
1599.8016,9.180E-007
1599.8214,7.455E-007
1599.8413,9.237E-007
1599.8611,1.046E-006
1599.8810,8.874E-007
1599.9008,3.890E-007
1599.9206,1.049E-006
1599.9405,9.466E-007
1599.9603,9.456E-007
1599.9802,1.222E-006
1600.0000,9.884E-007
